0.050030303981734046
0.052361712471910474
0.05276158056896407
0.05300955882108202
0.05324622720803111
0.05344582587620417
0.05366833501546794
0.05380090952196157
0.05388190800299299
0.05397076499106406
0.05403249335207165
0.05410977637845687
0.05419621386616883
0.05427795186450698
0.054341449951472595
0.05440335311361747
0.054458337877609404
0.054502185640764526
0.0545618823608803
0.05461995238396201
0.054668664482580454
0.054712438780837105
0.05475659863641747
0.05479735926759972
0.05483620821853468
0.05487220057538259
0.05490495343654265
0.05493575694667667
0.054968017993047805
0.05500035516536075
0.05503118693253784
0.055057687983885904
0.05507793266414255
0.055098267619674984
0.055119716335903214
0.05513975752189499
0.05515827959459536
0.05517484644057174
0.05518944954728
0.055202237792926726
0.05521346312713388
0.05522340247909357
0.05523232040207779
0.055240457403987385
0.05524803318208826
0.05525528440893186
0.05526272567822777
0.055271726215215186
0.05528053627259214
0.05528828597775421
0.055295114430485064
0.05530071063632121
0.05530069936760767
0.0552968758086376
0.055299914479528964
0.05530286469457344
0.0553061819865643
0.05530918329019505
0.05531150092142144
0.055313141320548646
0.05531417402481685
0.05531457571313165
0.055314338098311516
0.055313415668402116
0.055311727569789255
0.05530916076071239
0.05530558429877958
0.05530085282385579
0.055294872348451256
0.055287074197056925
0.05528006050030725
0.05527317552540555
0.055265918521888044
0.05525841340992013
0.055250635341267965
0.05524224338142054
0.05523359738102987
0.05522454599339913
0.05521503175781143
0.05520508675498558
0.05519476875493377
0.05518414229741947
0.055173266687657124
0.05516220079903906
0.055151047018846135
0.05514013538849657
0.055129918666867006
0.05512067197258922
0.05511032836431916
0.05509939730555104
0.05508806829787655
0.05507636667669871
0.05506427176998838
0.055051647709123346
0.05503826223700209
0.05502398290369402
0.05500897261210921
0.05499354170101164
0.05497791885842888
0.05496222655246151
0.05494653633050256
0.05493089879320701
0.05491535504824431
0.054899942384804765
0.054884751935867185
0.05486992107885472
0.0548551855157722
0.05484035778463767
0.05482514127275767
0.05480932000624169
0.05479346094689752
0.054777753559783565
0.054762270210982615
0.05474703616661079
0.0547320671413855
0.05471738132626655
0.05470300489611368
0.05468898016445563
0.05467538386408333
0.054662346943253254
0.054649571917997554
0.05463728928798085
0.054625156702195164
0.054613576425462516
0.05460221390553396
0.054591262386339524
0.054580602072413796
0.05457021457295319
0.054560067054961574
0.05455012680520024
0.05454035889736349
0.05453072438784889
0.054521182652679356
0.05451169737931825
0.054502238751078826
0.054492786362015815
0.054483333719950455
0.05447388018401198
0.05446443040720166
0.05445498308849739
0.054445528096914955
0.0544360540718703
0.05442654634214775
0.05441698349203059
0.054407328460771315
0.054397503628215355
0.05438739164487458
0.05437692603082535
0.054366119531533044
0.05435514090718696
0.054344323194615865
0.05433353231034084
0.05432286853197431
0.05431230698391687
0.05430185373552255
0.05429151011248262
0.05428127408652232
0.05427114275249104
0.054261113770573306
0.0542511844062292
0.05424135147371135
0.05423161221278035
0.05422196428748723
0.05421240454375978
0.0542029300769977
0.05419353894017129
0.054184227826923906
0.05417499407451855
0.054165835835872936
0.05415674921528397
0.054147732603303134
0.05413878422200576
0.0541299015702783
0.05412108461882018
0.05411233304598006
0.054103647453656305
0.054095029860159086
0.05408648168792819
0.05407800469604873
0.0540696006981215
0.054061270491112985
0.0540530146782784
0.05404483267228309
0.05403672364328814
0.0540286865900362
0.054020719288008605
0.054012819770402586
0.054004986329850194
0.05399721579402003
0.05398950589490528
0.05398185411536336
0.05397425689175483
0.05396671306440064
0.05395921882547582
0.05395177215605215
0.053944371893240126
0.05393701482854975
0.053929700087354794
0.053922426174586154
0.05391519079180423
0.05390799389976861
0.05390083328141853
0.053893707557172855
0.05388661697538997
0.053879558648920294
0.05387253275117742
0.05386553884276581
0.05385857425759
0.05385164071781594
0.05384473615978237
0.05383786005649286
0.0538310137900513
0.05382419513247854
0.05381740572036417
0.05381064545119734
0.05380391390537272
0.05379721298526643
0.053790542209174945
0.05378390293614337
0.05377729624141114
0.053770722617737216
0.05376418358590008
0.05375768001450132
0.053751212800783404
0.05374478326802691
0.0537383919804285
0.053732039936744344
0.05372572814445196
0.053719456644044844
0.0537132267870077
0.05370703849636813
0.053700892291912335
0.053694788865849385
0.05368872788405259
0.053682710006697706
0.053676735185827586
0.05367080333741858
0.05366491487260703
0.05365906932061598
0.05365326684661116
0.053647507456110695
0.05364179058966421
0.053636116605194004
0.05363048492187345
0.053624895356474744
0.05361934792668638
0.05361384193451507
0.05360837753000483
0.053602954124699835
0.05359757142703399
0.05359222932992927
0.05358692713914988
0.05358166482829236
0.053576441911625354
0.053571257859967
0.05356611268573448
0.053561005592770744
0.05355593643250866
0.053550904881388764
0.05354591028575203
0.05354095259259854
0.05353603117713536
0.0535311457790987
0.0535262960657156
0.05352148148536377
0.0535167020158784
0.05351195698254179
0.053507246292705146
0.053502569605852875
0.0534979264491665
0.053493316863050554
0.05348874034055014
0.05348419676738202
0.0534796860364424
0.05347520769387889
0.05347076192382051
0.05346634837449551
0.05346196693166945
0.053457617787485735
0.053453300467425656
0.05344901525951082
0.053444762064623084
0.05344054069168644
0.053436351444179554
0.05343219406133927
0.05342806870737949
0.053423975393856474
0.05341991406656401
0.05341588484347034
0.05341188763577634
0.05340792251207696
0.053403989490991864
0.053400088446337673
0.0533962195337109
0.05339238255363232
0.05338857748545464
0.05338480442495
0.05338106299447105
0.05337735337886194
0.053373675310669846
0.0533700286016475
0.05336641332422155
0.05336282903228323
0.053359275745672945
0.05335575317790333
0.053352261017961505
0.053348799216081044
0.053345367310666185
0.05334196510930806
0.05333859235281765
0.053335248596269924
0.0533319336486181
0.053328647025025065
0.05332538841989175
0.05332215745334826
0.05331895364075477
0.05331577664799646
0.05331262592979705
0.05330950104266433
0.053306401503693084
0.05330332672079397
0.05330027614905649
0.05329724917478365
0.053294245088632466
0.05329126317493322
0.053288302565383715
0.0532853623085089
0.053282441304023
0.05327953817832745
0.05327665136630894
0.05327377874383972
0.053270917730488844
0.053268064723948405
0.053265214813784816
0.05326236099465345
0.053259493087693746
0.053256596706799324
0.053253652729352556
0.05325064049552297
0.05324754145237175
0.05324434258368407
0.05324103886209805
0.05323763112466764
0.05323412669758893
0.05323054147060295
0.053226898471859505
0.05322322121122864
0.053219528596204546
0.05321583379067909
0.05321214496576566
0.05320846674723711
0.05320480138008107
0.05320114940241813
0.05319751067462438
0.05319388544914818
0.053190274448677605
0.05318667803786436
0.0531830958285238
0.053179527131589986
0.053175971339660635
0.053172427785087635
0.053168896078101845
0.05316537566924946
0.05316186607322599
0.05315836685826663
0.0531548774650876
0.05315139749627905
0.053147926580937636
0.05314446450813229
0.05314101126609769
0.053137567166749326
0.05313413259292562
0.05313070825328815
0.05312729486764207
0.05312389320556982
0.053120504088571364
0.05311712812902372
0.05311376598720454
0.05311041811791808
0.05310708484532277
0.053103766579864584
0.05310046333812652
0.053097175252658085
0.05309390241496901
0.053090644603966536
0.05308740179077485
0.05308417375934467
0.053080960222043484
0.05307776091108597
0.0530745755048138
0.053071403571794976
0.05306824476468707
0.05306509859925649
0.05306196463756982
0.05305884243372591
0.053055731413029314
0.05305263120384552
0.05304954120863617
0.053046460987899
0.05304339004934725
0.05304032776421855
0.053037273799179795
0.053034227452633746
0.05303118822732241
0.05302815555491212
0.05302512862999789
0.053022106770792055
0.05301908905528528
0.05301607438517198
0.05301306156369387
0.053010049215500656
0.05300703567441178
0.05300401933144372
0.05300099855363643
0.052997971936051005
0.05299493878024304
0.05299189910809724
0.05298885384557757
0.0529858044338008
0.05298275245803485
0.05297969952270096
0.05297664676395078
0.05297359512483598
0.05297054525294866
0.05296749754452614
0.05296445233769964
0.05296140967035876
0.05295836962975115
0.052955332174230506
0.05295229717537636
0.05294926450479713
0.05294623392204652
0.052943205284570555
0.05294017830183492
0.05293715269745382
0.05293412836522978
0.05293110496718431
0.05292808232307306
0.05292506034202021
0.052922038857944595
0.0529190178372264
0.05291599733535392
0.0529129773578994
0.052909958104987644
0.05290693986651738
0.05290392287382919
0.05290090756447567
0.052897894319187753
0.052894883653759626
0.05289187603687742
0.05288887194213675
0.052885871937487935
0.05288287640484426
0.05287988586929033
0.05287690076153598
0.052873921442908506
0.05287094832048641
0.05286798170078292
0.05286502183196689
0.0528620690524296
0.05285912355304166
0.052856185504080035
0.05285325512497657
0.05285033252932785
0.052847417876473936
0.05284451122878794
0.05284161273062131
0.05283872247809103
0.05283584046715313
0.05283296682802338
0.0528301015816318
0.05282724472424815
0.05282439638112893
0.05282155649792087
0.052818725091187145
0.05281590224056487
0.05281308787854468
0.052810282023808976
0.052807484721061615
0.05280469587234658
0.052801915537337235
0.052799143694359174
0.052796380295499726
0.052793625348914186
0.05279087880199159
0.052788140693289125
0.05278541092292982
0.05278268948222801
0.05277997640330292
0.05277727153667992
0.0527745749595729
0.0527718866249342
0.05276920640440059
0.0527665344043302
0.0527638704964822
0.05276121463291257
0.05275856685749419
0.052755927024929074
0.05275329516738907
0.052750671234360016
