0.2001487587339261
0.21114456552231997
0.20870199482204063
0.2020859572293747
0.19699794100741513
0.19122866979374042
0.18593512472806603
0.18145354747863843
0.17793228941984757
0.17432451954874725
0.17132891473008138
0.16866340138153202
0.16619688441881153
0.16387084458098292
0.16179764988213982
0.15987989235178487
0.15806572547951941
0.15647801615431264
0.15506198582716252
0.15364833512517928
0.15241485633815952
0.15120486274185738
0.1501411191351272
0.1491090862723221
0.14817906555339044
0.1472600002788087
0.14638958939099142
0.14556472601217746
0.14475951173881024
0.14399519922017737
0.14329822883729942
0.14271431059194334
0.14223468832695904
0.1417443839070088
0.14125250606022566
0.14077766903149566
0.14030637699770157
0.1398405192086897
0.1393847044095516
0.13894196616221866
0.1385132470697921
0.13809838793063933
0.13769679991505274
0.1373078675516522
0.1369313236120775
0.13656795549366912
0.13621948511588358
0.1358827949142018
0.13555401610056803
0.1352382992892515
0.13493629176279928
0.1346551836093403
0.1344268835070682
0.13422514576160852
0.13396184045237947
0.13369809192382912
0.13342462563779134
0.13315751668417064
0.13290128334730086
0.13265457944995723
0.13241753729326344
0.13219054197334457
0.13197383156791606
0.13176779197648442
0.13157288405332881
0.1313895122030315
0.13121782784428018
0.1310580762901267
0.13092247241761923
0.13081891078683883
0.1307162489854591
0.13061410406361354
0.1305093908515905
0.13040279501530916
0.13029655357518674
0.13019314174649316
0.13008755169591715
0.12998661037041886
0.12989059590752478
0.12979796851877126
0.12970780580571892
0.1296192382109792
0.129531776112271
0.1294450044489581
0.12935811377054193
0.1292681566648276
0.12916946696259496
0.12905972817763392
0.1289496546804405
0.1288386957912993
0.12872817922212396
0.12861862027868062
0.12851090922140498
0.128406468559625
0.1283069230248632
0.12821294990424678
0.12812363785997913
0.12803728549886934
0.1279528517135865
0.1278700514825882
0.1277888241266547
0.12770913481314308
0.12763093576166046
0.12755412975688776
0.12747795072333515
0.12739972577680075
0.12731715424368098
0.12723565626425484
0.12715922846966432
0.12708945201930516
0.12702092571478354
0.12695183204353788
0.1268813281265082
0.12680931439514773
0.1267359211360464
0.1266612837042315
0.12658551691435327
0.12650873297387052
0.1264310766479663
0.1263526523754413
0.12627197549729813
0.12618991170056457
0.1261055315012354
0.12601988474227774
0.12593199181652132
0.12584274459053132
0.12575210140811408
0.12566042709949998
0.12556807512349696
0.12547540594138265
0.12538279241292774
0.12529070761820757
0.12519972485855713
0.12511045312636526
0.12502339878765742
0.12493875029384043
0.12485638247855105
0.12477610999522581
0.1246976977744615
0.1246209396159962
0.12454577643211691
0.12447214193241321
0.12439999318301237
0.12432933847131554
0.12426025032142637
0.12419300695174158
0.12412788125816698
0.12406436241112939
0.12400132201961798
0.12393740373286424
0.12387223323589414
0.12380646751343806
0.12374038367509353
0.12367421267032075
0.12360803446361622
0.12354194418292527
0.1234760192212541
0.12341028589533254
0.12334477464260128
0.12327954321953977
0.12321461875587601
0.12315001737253946
0.12308576861698134
0.12302189384155669
0.12295840118958519
0.12289530477585017
0.12283261588419954
0.12277032951730542
0.12270844767133102
0.12264697559743686
0.12258589312456651
0.12252518401753007
0.12246482677648386
0.12240478820076879
0.12234503441501025
0.1222855164919354
0.12222618740739927
0.12216700432221417
0.12210792063884751
0.12204889771905512
0.12198990848484471
0.12193092201617636
0.12187193881525975
0.12181295179281881
0.12175396369422534
0.12169500685701336
0.12163609314187317
0.12157724796111147
0.1215185184540207
0.12145992251950039
0.12140150363632432
0.1213432986206272
0.12128531572348089
0.12122760535699341
0.1211701775680688
0.12111304315841084
0.12105623975171395
0.12099976571338023
0.12094363409337265
0.12088786395382566
0.12083244528915522
0.12077739851297738
0.12072272592100601
0.12066841913443227
0.12061450131384342
0.12056095536849246
0.12050778541372625
0.12045500420269577
0.12040258849026324
0.12035055642622171
0.12029889525061924
0.1202475926261524
0.1201966627263502
0.12014607695963575
0.1200958388607843
0.12004594092775786
0.11999636183752697
0.11994710572472699
0.11989815175122823
0.11984948929726773
0.11980111165878331
0.11975300172894193
0.11970515100041687
0.11965754846970882
0.11961018382171813
0.11956305021332607
0.1195161368519716
0.1194694388251404
0.11942294977324507
0.11937666152414908
0.1193305750849108
0.11928468136754306
0.11923897984935299
0.11919346845018161
0.11914814151792782
0.11910300364704855
0.11905804665986686
0.11901327222530335
0.11896868212968456
0.11892427099628909
0.11888004311477143
0.11883599656093356
0.11879212934894859
0.11874844474990871
0.11870494214079932
0.11866162137761241
0.11861848520001039
0.11857553066047945
0.11853276242819638
0.11849017876766799
0.11844778174291609
0.11840557237919437
0.1183635493263523
0.11832171726150563
0.11828007461428793
0.11823862340675576
0.11819736509513316
0.11815629893183462
0.1181154285746284
0.11807475345652121
0.1180342749390018
0.1179939947979803
0.11795391127491264
0.1179140276027632
0.11787434457004045
0.1178348603705558
0.11779557905881298
0.11775649577412743
0.11771761515971779
0.11767893628992053
0.11764045565773645
0.11760217651796906
0.11756409325075382
0.11752620871264083
0.11748852001893367
0.11745102382275878
0.11741372128913255
0.11737660626680012
0.1173396790353194
0.1173029378784198
0.11726637654272878
0.11722999524586084
0.11719378870767541
0.11715775427107679
0.11712189087252667
0.117086191893478
0.1170506581092599
0.1170152828714883
0.11698006565452518
0.11694500481168983
0.11691009428648469
0.11687533471459467
0.11684072070883042
0.11680625211373226
0.11677192700554499
0.11673774294948533
0.11670369934154375
0.1166697939514689
0.11663602644579972
0.11660239726706208
0.11656890291551118
0.11653554587116263
0.11650232414200577
0.116469238442661
0.11643629102063292
0.1164034792280584
0.11637080693974397
0.11633827383915722
0.1163058811072343
0.11627363200282924
0.11624152508420998
0.1162095647680155
0.11617775174634727
0.11614608847989553
0.11611457857942116
0.11608322124944227
0.11605202257971345
0.11602098396528303
0.11599010811098982
0.11595939989331328
0.11592885975509107
0.11589849429295698
0.11586830712784588
0.11583830110516315
0.11580848476688303
0.11577886081117414
0.11574943814950892
0.11572022628298209
0.11569123265975097
0.11566247338321144
0.11563396337708023
0.11560572490926284
0.11557778883162116
0.11555019229763226
0.11552299523196759
0.1154962732502474
0.1154701300357535
0.11544469019169164
0.11542006671875026
0.11539635906799024
0.11537363062630394
0.11535189470026637
0.11533113460752198
0.11531126436029576
0.11529211051046137
0.1152734389898679
0.11525502570383533
0.11523670527163551
0.11521837031121332
0.11519995636889246
0.11518142361183728
0.1151627356580203
0.11514385439740905
0.11512474430847737
0.11510539007731022
0.1150858107594081
0.11506604740056854
0.11504614491170825
0.11502614263177126
0.11500606748767511
0.11498594230082022
0.11496578459352198
0.11494560717827132
0.11492542507554301
0.11490524754397613
0.11488508406720291
0.1148649433323495
0.11484482816621418
0.11482474252068157
0.11480468493089618
0.11478464975885824
0.11476463225544045
0.11474462229420843
0.11472461063338213
0.1147045905602444
0.11468455302164822
0.11466449173620576
0.11464440449489079
0.11462428519396646
0.11460413388069514
0.11458394912241963
0.11456372895167931
0.11454347667275835
0.11452319040556613
0.11450287313839116
0.11448252687500292
0.1144621524790188
0.11444175340579789
0.11442133196549721
0.11440088996402033
0.11438043191215228
0.11435995940423518
0.11433947573336087
0.1143189853873593
0.1142984893424955
0.11427799354441603
0.1142575008031217
0.11423701363739049
0.11421653872483309
0.11419607787820357
0.11417563748128776
0.11415522319274576
0.11413483884427612
0.11411449371305384
0.11409419328830071
0.11407394549172381
0.11405376054530238
0.11403364695145933
0.11401361578821063
0.11399367996131769
0.11397385020651336
0.11395414111309952
0.11393456347062976
0.1139151238755938
0.11389582841471774
0.11387666920027985
0.11385763301922637
0.11383870168956951
0.11381985219554741
0.11380107065559913
0.11378234503617574
0.1137636692787572
0.11374504491352494
0.1137264711238101
0.11370795042638737
0.11368948751379984
0.11367108429686916
0.11365274588139918
0.11363447658576589
0.11361627869174727
0.11359815796238262
0.113580117893128
0.11356216042086464
0.11354429172762559
0.11352651356221377
0.11350882794207466
0.11349123953084762
0.11347374824004247
0.11345635680091963
0.11343906551617668
0.113421873795964
0.11340478222394029
0.11338778778534993
0.11337088952820078
0.11335408483386195
0.11333736878674336
0.11332073908682379
0.11330419159842574
0.11328772028733874
0.1132713229159402
0.11325499397008333
0.11323872884526977
0.11322252574938593
0.11320637917282107
0.1131902869225251
0.11317424700559692
0.11315825562394916
0.11314231207411263
0.11312641458691745
0.11311056137209899
0.11309475190348993
0.11307898476901916
0.11306326006987828
0.1130475770467254
0.11303193481176077
0.11301633482346883
0.11300077540312609
0.11298525687964166
0.11296978038716317
0.1129543445260293
0.11293895038080366
0.11292359868779302
0.11290828814859943
0.11289302023438244
0.1128777950055529
0.11286261206875957
0.11284747265937373
0.11283237654995526
0.11281732385745986
0.11280231557362105
0.11278735141573686
0.11277243162948036
0.1127575568352306
0.11274272706937047
0.11272794299389453
0.11271320421694532
0.11269851140264087
0.11268386523996428
0.11266926470305222
0.11265471145119664
0.11264020508707204
0.11262574502977664
0.11261133332047361
0.1125969685125437
0.11258265125356656
0.11256838243675711
0.11255416100874792
0.11253998836870911
0.11252586402799147
0.1125117878530318
