[1.483104]
[1.184452]
[1.163574]
[1.113962]
[1.063278]
[1.044809]
[1.046245]
[1.046415]
[1.052043]
[1.048984]
[1.04731]
[1.04806]
[1.048405]
[1.048071]
[1.047555]
[1.046848]
[1.045952]
[1.044908]
[1.043749]
[1.042482]
[1.041307]
[1.040147]
[1.038993]
[1.037905]
[1.036884]
[1.035892]
[1.034862]
[1.033917]
[1.032979]
[1.031981]
[1.031046]
[1.030098]
[1.029073]
[1.028054]
[1.027038]
[1.026046]
[1.024926]
[1.02393]
[1.022888]
[1.021766]
[1.020732]
[1.019668]
[1.018591]
[1.017529]
[1.01648]
[1.015477]
[1.014428]
[1.013411]
[1.012435]
[1.011466]
[1.010499]
[1.009599]
[1.008695]
[1.007816]
[1.006953]
[1.006115]
[1.005314]
[1.004514]
[1.003766]
[1.003005]
[1.002318]
[1.00162]
[1.000956]
[1.000328]
[0.999712]
[0.999128]
[0.998577]
[0.998061]
[0.997565]
[0.997077]
[0.996668]
[0.996246]
[0.995878]
[0.995538]
[0.99519]
[0.99493]
[0.994635]
[0.994347]
[0.994116]
[0.993807]
[0.993552]
[0.993272]
[0.992949]
[0.99268]
[0.992332]
[0.992035]
[0.991714]
[0.991379]
[0.991092]
[0.990745]
[0.990464]
[0.990151]
[0.989842]
[0.989574]
[0.98926]
[0.989017]
[0.988718]
[0.988462]
[0.98822]
[0.98794]
[0.987722]
[0.987465]
[0.987233]
[0.987009]
[0.986773]
[0.986569]
[0.986337]
[0.986132]
[0.985926]
[0.98571]
[0.98552]
[0.985306]
[0.985118]
[0.984929]
[0.984721]
[0.984555]
[0.984345]
[0.98417]
[0.98399]
[0.983795]
[0.983626]
[0.983442]
[0.983264]
[0.983093]
[0.982915]
[0.982743]
[0.982572]
[0.982398]
[0.982236]
[0.982062]
[0.981898]
[0.981735]
[0.981571]
[0.98141]
[0.981254]
[0.981085]
[0.98093]
[0.980769]
[0.980618]
[0.980459]
[0.980308]
[0.980151]
[0.980002]
[0.97985]
[0.979698]
[0.979561]
[0.979397]
[0.979266]
[0.979113]
[0.978972]
[0.978828]
[0.978692]
[0.978543]
[0.978416]
[0.978275]
[0.978142]
[0.978005]
[0.977877]
[0.977742]
[0.977614]
[0.977489]
[0.977355]
[0.977233]
[0.977109]
[0.976985]
[0.976864]
[0.976749]
[0.976621]
[0.976516]
[0.97639]
[0.976281]
[0.97617]
[0.976052]
[0.975948]
[0.975835]
[0.975727]
[0.975626]
[0.975515]
[0.975418]
[0.975305]
[0.975215]
[0.975101]
[0.975014]
[0.974906]
[0.974813]
[0.974718]
[0.974614]
[0.97453]
[0.974421]
[0.974344]
[0.974235]
[0.974158]
[0.97406]
[0.973964]
[0.973888]
[0.973779]
[0.97371]
[0.973607]
[0.973523]
[0.973443]
[0.973336]
[0.973277]
[0.973162]
[0.973097]
[0.973001]
[0.972916]
[0.972837]
[0.972735]
[0.972675]
[0.972563]
[0.972505]
[0.972401]
[0.972326]
[0.97224]
[0.972152]
[0.972079]
[0.971979]
[0.971908]
[0.971819]
[0.971731]
[0.971659]
[0.971558]
[0.971492]
[0.971391]
[0.971322]
[0.971228]
[0.971151]
[0.971065]
[0.970976]
[0.970903]
[0.970802]
[0.970739]
[0.970635]
[0.970567]
[0.970475]
[0.970395]
[0.970311]
[0.970217]
[0.970146]
[0.97005]
[0.969975]
[0.969889]
[0.969799]
[0.969726]
[0.969625]
[0.969559]
[0.969461]
[0.969386]
[0.969298]
[0.969212]
[0.969133]
[0.969042]
[0.968968]
[0.968876]
[0.968797]
[0.968711]
[0.968627]
[0.968548]
[0.968457]
[0.968379]
[0.968299]
[0.968205]
[0.968136]
[0.96804]
[0.967967]
[0.967881]
[0.967796]
[0.967721]
[0.967628]
[0.967558]
[0.967468]
[0.967392]
[0.967309]
[0.967227]
[0.967148]
[0.967068]
[0.966983]
[0.966907]
[0.966824]
[0.966745]
[0.966664]
[0.966587]
[0.966505]
[0.966428]
[0.966347]
[0.96627]
[0.966194]
[0.966105]
[0.966042]
[0.965952]
[0.965879]
[0.965801]
[0.965723]
[0.965647]
[0.965571]
[0.965491]
[0.965417]
[0.965338]
[0.965264]
[0.965188]
[0.965113]
[0.965034]
[0.964962]
[0.964882]
[0.964813]
[0.964735]
[0.964662]
[0.964589]
[0.964508]
[0.964444]
[0.96436]
[0.964298]
[0.96422]
[0.964143]
[0.964082]
[0.963992]
[0.963942]
[0.963851]
[0.963791]
[0.96372]
[0.963638]
[0.963583]
[0.963499]
[0.963442]
[0.963367]
[0.963295]
[0.963235]
[0.963154]
[0.963101]
[0.963022]
[0.962962]
[0.962895]
[0.962821]
[0.962767]
[0.962687]
[0.962636]
[0.962565]
[0.962498]
[0.962444]
[0.962367]
[0.962318]
[0.962247]
[0.962187]
[0.962131]
[0.962058]
[0.962011]
[0.961942]
[0.961885]
[0.961829]
[0.961762]
[0.961712]
[0.961646]
[0.961594]
[0.961537]
[0.961474]
[0.961427]
[0.961361]
[0.961311]
[0.961257]
[0.961195]
[0.961153]
[0.961086]
[0.96104]
[0.960988]
[0.960926]
[0.960888]
[0.96082]
[0.960778]
[0.960725]
[0.960668]
[0.960628]
[0.960564]
[0.960523]
[0.960471]
[0.960416]
[0.960378]
[0.960314]
[0.960277]
[0.96022]
[0.960174]
[0.960132]
[0.960071]
[0.960038]
[0.959977]
[0.959938]
[0.959891]
[0.959836]
[0.959801]
[0.959741]
[0.959704]
[0.959657]
[0.959604]
[0.959571]
[0.95951]
[0.959475]
[0.959426]
[0.959378]
[0.959341]
[0.959284]
[0.95925]
[0.959197]
[0.959156]
[0.959112]
[0.959063]
[0.959025]
[0.958973]
[0.958934]
[0.95889]
[0.958841]
[0.958804]
[0.958752]
[0.958713]
[0.95867]
[0.958622]
[0.958585]
[0.958533]
[0.958495]
[0.95845]
[0.958405]
[0.958367]
[0.958316]
[0.958279]
[0.958234]
[0.958189]
[0.95815]
[0.958101]
[0.958063]
[0.958018]
[0.957974]
[0.957936]
[0.957887]
[0.95785]
[0.957804]
[0.957762]
[0.957723]
[0.957674]
[0.957638]
[0.957592]
[0.95755]
[0.957511]
[0.957464]
[0.957427]
[0.957382]
[0.95734]
[0.957301]
[0.957256]
[0.957218]
[0.957174]
[0.957132]
[0.957093]
[0.957048]
[0.95701]
[0.956968]
[0.956925]
[0.956888]
[0.956843]
[0.956805]
[0.956764]
[0.956721]
[0.956684]
[0.956641]
[0.956602]
[0.956564]
[0.956518]
[0.956484]
[0.95644]
[0.956401]
[0.956364]
[0.956319]
[0.956286]
[0.956242]
[0.956204]
[0.956166]
[0.956122]
[0.95609]
[0.956045]
[0.956009]
[0.955972]
[0.955927]
[0.955897]
[0.955852]
[0.955817]
[0.955779]
[0.955736]
[0.955706]
[0.955661]
[0.955627]
[0.95559]
[0.955548]
[0.955518]
[0.955474]
[0.95544]
[0.955403]
[0.955363]
[0.955332]
[0.955289]
[0.955256]
[0.955219]
[0.95518]
[0.955149]
