-146.94882567449397
-154.48475161318012
-153.39076067409118
-168.5406317128887
-154.0777381707934
-155.3838095171445
-171.08198432989155
-170.69925039705504
-175.71344978000707
-177.37295641091004
-179.15497558561256
-175.93318761147475
-176.88960472749937
-176.81288570015263
-175.88281812878577
-175.9560945771365
-178.3011114924169
-177.94514043594228
-178.15763792753543
-177.87406709088583
-179.44902871398386
-175.58073496849252
-179.27372009335534
-177.6531411463367
-179.75071507713963
-179.99332160043292
-180.90676678453727
-182.15770074900482
-182.52839448097606
-182.37421337250666
-181.96406306652827
-182.66228985180652
-181.9175061635356
-181.52593458360417
-181.96999345718595
-182.465657003679
-182.8996877576349
-183.28357545274625
-183.62817814340244
-183.9473924513985
-184.25332960747483
-184.55486369205673
-184.86029320751413
-185.18378986537212
-185.56386715354952
-186.16099097296598
-187.08499899632747
-187.35390186537933
-187.56428780428155
-187.87100879625282
-188.5079039579855
-188.68254129822984
-187.86035755645634
-189.68129939641125
-190.8263543750812
-190.17071510497652
-190.45099252474373
-190.66870684664602
-190.7969537044144
-190.9418537966271
-191.0952923509147
-191.2784743430282
-191.506582409464
-191.79801767293526
-192.1575565029089
-192.53627522626778
-192.72255455236518
-193.74802880649463
-194.04170459130157
-194.62627520729015
-194.81733611741137
-194.91402913282
-194.92601222066597
-194.9378347439234
-195.07882740002623
-194.92497291732732
-194.80454712989206
-194.8137010870118
-194.81002461731083
-194.78159976324605
-194.75458332043578
-194.74028742566003
-194.74793591809416
-194.81402973056404
-195.0326577650604
-195.21061021545276
-196.12457901776398
-196.01821847613496
-195.9847836833113
-196.05892662104378
-196.1167900411178
-196.1491281062453
-196.18147534811996
-196.2472522879603
-196.29491148687546
-196.25934800655477
-196.20008210014382
-196.15473677460108
-196.11710168944458
-196.07834799816814
-196.03197641242264
-195.97036114243406
-195.87193650260514
-195.58247884424136
-195.4280061000653
-195.4507882373441
-195.5679823105979
-195.6524982714745
-195.6698169460054
-195.84343650836132
-195.98090711940358
-196.0594328780714
-196.1097304407426
-196.1447518202197
-196.1715684439323
-196.19557620386712
-196.2223980531292
-196.2557861074486
-196.20133735149034
-196.19168033773627
-196.07326465166443
-196.139536759752
-196.01447314858174
-196.0702651682187
-196.00423713231706
-195.96893504042978
-195.93150272364508
-195.88715617572313
-195.83652185640622
-195.77912237622434
-195.70781294254957
-195.6250475260466
-195.5441228755188
-195.4746888386896
-195.41347087868036
-195.36924975848933
-195.34338736000907
-195.33858018657676
-195.3580074165521
-195.3848703152839
-195.4117438518997
-195.4306345141495
-195.43346302863372
-195.42440957984545
-195.40254507108034
-195.35108575286475
-195.25080035284466
-195.15185690666152
-195.30550929881997
-195.2255603390775
-195.31818027460776
-195.3183542520163
-195.3277611830859
-195.33958106802467
-195.34355369437338
-195.33757818999092
-195.33109323431097
-195.3272915580492
-195.317522492883
-195.30544432534282
-195.29396042212542
-195.28035453116078
-195.26420308169102
-195.2465326296451
-195.2278343869769
-195.20646142435035
-195.18253886762636
-195.15825034636276
-195.13235522708462
-195.1046214058283
-195.07587691587298
-195.04710048055333
-195.0191729388525
-194.99086722311606
-194.96358992146125
-194.93818443183753
-194.91541875590866
-194.89404654845538
-194.8757471683965
-194.86244984646433
-194.8493653594543
-194.84087930804142
-194.83747408032195
-194.8330355010131
-194.83426181778742
-194.83912873929134
-194.8428724906351
-194.85151606643228
-194.86315220240817
-194.87378784495982
-194.88925544562252
-194.90521234170518
-194.92194936060372
-194.94183981283314
-194.96123274913506
-194.98255734735773
-195.00562204676459
-195.02779200710395
-195.05335741949378
-195.0787962547453
-195.10397034840233
-195.13344506301345
-195.1606238446176
-195.18993128023754
-195.22195689096807
-195.25111110113116
-195.2849635569968
-195.31826940753587
-195.35078925448843
-195.38812962036909
-195.4225012227479
-195.45940181468129
-195.4981665469901
-195.53497807313505
-195.57510747062116
-195.61479542894074
-195.65422838253215
-195.6965196746018
-195.73687707438864
-195.77877168670963
-195.82163222837363
-195.86279670757114
-195.90648711307955
-195.94868084232303
-195.9914274000929
-196.03553030034817
-196.07707102417135
-196.12166628191696
-196.16432830571904
-196.20719045709663
-196.25214456370205
-196.29375273818326
-196.33859975056737
-196.3821431312423
-196.42485404497842
-196.4701704334423
-196.5129452944483
-196.55716452093466
-196.6021890904312
-196.6451829169128
-196.6906870163529
-196.73485535886095
-196.77920530224648
-196.82505323966478
-196.86892501374894
-196.91506673248722
-196.96011658264126
-197.0054231060643
-197.0518750454277
-197.09679883901802
-197.14384388606504
-197.1895786956493
-197.23585638588085
-197.28327669707502
-197.3290083662804
-197.37676646077995
-197.42368697567275
-197.470468079899
-197.51887144222334
-197.56542123643445
-197.61370929155504
-197.66166859389133
-197.7088817494753
-197.75786110159314
-197.80522453271843
-197.8536935793549
-197.90213553714804
-197.9499771535574
-197.99879061948664
-198.0464627241463
-198.09502876280808
-198.14314786659946
-198.19080235297028
-198.2392528462904
-198.28647663171552
-198.3341693904152
-198.38170913406208
-198.42842642579876
-198.47568717185257
-198.52193406675505
-198.56822381649056
-198.61447574714882
-198.659522830437
-198.7053377702676
-198.74991509837065
-198.79445011682762
-198.83889975660003
-198.88247498642744
-198.92619440769982
-198.96918899974577
-199.01198104079918
-199.05458871737312
-199.09638738820286
-199.13848210302098
-199.17985175297352
-199.22092865761124
-199.26213133603164
-199.30257953196238
-199.3429560105079
-199.3832861509908
-199.42309034163932
-199.46287053599082
-199.5025161256352
-199.5416527976085
-199.58104597280737
-199.62015271560477
-199.65890377880228
-199.69792988384472
-199.73659882762178
-199.77529023184744
-199.8139205564576
-199.85245528534315
-199.89103657817384
-199.9295384364374
-199.96827091036604
-200.006897939332
-200.04554415255348
-200.08455891983076
-200.12334597491116
-200.16253512139747
-200.2019851804262
-200.24117725584316
-200.2812539922246
-200.3212793002964
-200.36133282539092
-200.40252326258695
-200.4432879756738
-200.48496252765108
-200.52736254363757
-200.56969578355023
-200.61346824814913
-200.65792733314828
-200.70324599210193
-200.75024763090286
-200.79797348656453
-200.84683844651488
-200.8945139085946
-200.93599487542153
-200.9673911077221
-200.99059138133657
-201.01613251399374
-201.04806635634156
-201.0844942436915
-201.12508620341237
-201.16865897009586
-201.21425162070256
-201.26051977035362
-201.30534472178368
-201.34720912493157
-201.38479486628108
-201.41752382063504
-201.44539967368036
-201.47018853005017
-201.49514684889152
-201.5216285028196
-201.54890413403012
-201.57511879213953
-201.5997027611354
-201.62287012623716
-201.6448766064744
-201.6659171078276
-201.68560124930642
-201.70495083430953
-201.72210851733428
-201.73804327878776
-201.75269921730094
-201.7643525645487
-201.77532342830872
-201.78419329797038
-201.79189797681047
-201.8003396308694
-201.8085607166016
-201.8185014589219
-201.83099146001032
-201.8452778392729
-201.86258056738168
-201.88236322950735
-201.90430394985918
-201.92900912949926
-201.9552554091994
-201.98351970562805
-202.0136019012713
-202.04488783245841
-202.07766092702713
-202.1117237674189
-202.1463928275574
-202.18261405979183
-202.21935733431786
-202.25676819189195
-202.29524710953345
-202.3340051401612
-202.3735577908903
-202.41378804885892
-202.45393133730667
-202.4954861769001
-202.53678282543407
-202.57848577842236
-202.62146974153575
-202.663758284668
-202.70713648532094
-202.75102229510273
-202.79434294342013
-202.83936805827005
-202.88391893669385
-202.9291628847756
-202.97548034793058
-203.02164617325724
-203.06937191503602
-203.1178630685156
-203.16713596346318
-203.2183452139528
-203.27040059253247
-203.32382404981118
-203.37857215669814
-203.43289251213648
-203.48685072366442
-203.53865252946497
-203.58684550784875
-203.63210701458843
-203.6733645096657
-203.71124098374145
-203.7469661973655
-203.78021329812657
-203.81190357595216
-203.84297018153254
-203.8721424931615
-203.90168146149722
-203.93045082598587
-203.95840415713565
-203.98725568811085
-204.01508490916407
-204.0432094061765
-204.07167147787663
-204.09953078854792
-204.12805018637624
-204.15633161533358
-204.1846589401117
-204.21324926734593
-204.24155306905993
-204.26984440898494
-204.29802453142494
-204.3257918549256
-204.35327335981717
-204.38042221191918
-204.4065553137063
-204.43246168004697
-204.45728813730338
-204.48119800813296
-204.50466485117767
-204.5263644336918
-204.54769835781272
-204.56807805588022
-204.58698506617995
-204.60545709013422
-204.62304837377692
-204.6394345206886
-204.65547097948058
-204.67076304659253
-204.6852648534205
-204.69947009862906
-204.71284856229192
-204.72598009307106
-204.7387246641171
-204.75082048908914
-204.76300156877048
-204.7745461327877
-204.7859708553158
-204.7972726836718
-204.80795420311443
-204.81898104122206
-204.829530552795
-204.83970784345868
-204.85044404411005
-204.86035064173936
-204.8702653052143
-204.88063279098307
-204.89006285881376
-204.9001329690837
-204.90967240355107
-204.91922449877586
-204.929176479805
-204.93821446193328
-204.9478580584306
-204.95740864331006
-204.96646468783695
-204.97612727532436
-204.98514882688698
-204.9944310778165
-205.0038688697684
-205.01275287984328
-205.02216506744617
-205.03129078563137
-205.0402616307029
-205.04979259267495
-205.05847988397724
-205.06772752084615
-205.07699525152256
-205.08569347803987
-205.09530695568483
-205.1038779816948
