[1.138514]
[1.040913]
[0.995018]
[0.997605]
[0.991827]
[0.984369]
[0.979747]
[0.977755]
[0.976262]
[0.974806]
[0.972954]
[0.970481]
[0.967565]
[0.963991]
[0.960106]
[0.955726]
[0.950452]
[0.94408]
[0.93699]
[0.929631]
[0.922972]
[0.9172]
[0.912131]
[0.907796]
[0.904051]
[0.900494]
[0.8971]
[0.894053]
[0.891016]
[0.887841]
[0.885043]
[0.882081]
[0.879116]
[0.876412]
[0.873591]
[0.87093]
[0.868324]
[0.865671]
[0.863401]
[0.861025]
[0.858723]
[0.856803]
[0.854616]
[0.852711]
[0.851089]
[0.849049]
[0.847474]
[0.845949]
[0.844274]
[0.84291]
[0.84142]
[0.840028]
[0.838698]
[0.837229]
[0.836113]
[0.834735]
[0.833437]
[0.832415]
[0.830992]
[0.829943]
[0.82881]
[0.827448]
[0.826555]
[0.825308]
[0.824203]
[0.823186]
[0.821943]
[0.821069]
[0.81989]
[0.818817]
[0.817992]
[0.816791]
[0.815885]
[0.814936]
[0.813816]
[0.813045]
[0.811958]
[0.811003]
[0.81017]
[0.809107]
[0.808297]
[0.807334]
[0.806385]
[0.805605]
[0.804584]
[0.803803]
[0.802925]
[0.801998]
[0.801277]
[0.800338]
[0.799591]
[0.798749]
[0.797899]
[0.797203]
[0.796325]
[0.795639]
[0.79486]
[0.794076]
[0.793392]
[0.792609]
[0.791961]
[0.791261]
[0.790568]
[0.789937]
[0.789221]
[0.788656]
[0.788013]
[0.78745]
[0.786888]
[0.786262]
[0.785766]
[0.785174]
[0.784696]
[0.784216]
[0.783687]
[0.783259]
[0.78271]
[0.782316]
[0.781818]
[0.781431]
[0.781024]
[0.780574]
[0.780224]
[0.779766]
[0.779419]
[0.779026]
[0.778672]
[0.778331]
[0.777949]
[0.777641]
[0.777264]
[0.776965]
[0.776616]
[0.776325]
[0.775996]
[0.775695]
[0.775392]
[0.77508]
[0.774796]
[0.774515]
[0.774216]
[0.773955]
[0.773668]
[0.77339]
[0.773125]
[0.772831]
[0.772595]
[0.772292]
[0.772094]
[0.771773]
[0.771578]
[0.771281]
[0.771054]
[0.770798]
[0.770549]
[0.770308]
[0.770074]
[0.769825]
[0.769575]
[0.769374]
[0.769092]
[0.768915]
[0.768631]
[0.768443]
[0.768186]
[0.767984]
[0.767757]
[0.767513]
[0.767322]
[0.767072]
[0.76689]
[0.766634]
[0.766461]
[0.766214]
[0.766044]
[0.765791]
[0.765641]
[0.765381]
[0.765234]
[0.764986]
[0.764817]
[0.764602]
[0.764424]
[0.764224]
[0.764022]
[0.763859]
[0.763636]
[0.763483]
[0.76327]
[0.763107]
[0.76292]
[0.762732]
[0.762585]
[0.762358]
[0.762248]
[0.762006]
[0.761904]
[0.761667]
[0.761558]
[0.761338]
[0.761219]
[0.761009]
[0.760892]
[0.76069]
[0.760558]
[0.760383]
[0.760237]
[0.760071]
[0.759918]
[0.759768]
[0.759601]
[0.759467]
[0.759304]
[0.759152]
[0.759021]
[0.758851]
[0.758715]
[0.758574]
[0.758408]
[0.758281]
[0.758131]
[0.757987]
[0.757861]
[0.757685]
[0.757593]
[0.757399]
[0.757314]
[0.757129]
[0.757025]
[0.756864]
[0.756744]
[0.756601]
[0.756474]
[0.756329]
[0.756207]
[0.756058]
[0.75595]
[0.755791]
[0.755695]
[0.755526]
[0.755425]
[0.75528]
[0.755158]
[0.755023]
[0.754907]
[0.754763]
[0.754657]
[0.754506]
[0.754413]
[0.754248]
[0.754163]
[0.754001]
[0.753919]
[0.75375]
[0.75368]
[0.753504]
[0.75342]
[0.753281]
[0.753169]
[0.753037]
[0.752939]
[0.752783]
[0.752713]
[0.752541]
[0.752472]
[0.752311]
[0.752235]
[0.752079]
[0.752001]
[0.751844]
[0.751775]
[0.75161]
[0.751546]
[0.751381]
[0.751319]
[0.751147]
[0.751096]
[0.750922]
[0.750868]
[0.7507]
[0.750643]
[0.750483]
[0.750414]
[0.750268]
[0.75019]
[0.75005]
[0.749972]
[0.749828]
[0.749761]
[0.749607]
[0.749546]
[0.749396]
[0.749327]
[0.749187]
[0.749112]
[0.748977]
[0.748901]
[0.748766]
[0.748696]
[0.748552]
[0.748494]
[0.748343]
[0.748286]
[0.748141]
[0.748077]
[0.747942]
[0.747871]
[0.747737]
[0.747673]
[0.747537]
[0.747469]
[0.747338]
[0.747276]
[0.747132]
[0.747083]
[0.746933]
[0.746887]
[0.746742]
[0.746682]
[0.74656]
[0.746482]
[0.746371]
[0.746288]
[0.746177]
[0.746103]
[0.745982]
[0.745918]
[0.745791]
[0.74573]
[0.745606]
[0.74554]
[0.745423]
[0.745352]
[0.74524]
[0.745166]
[0.745058]
[0.74498]
[0.744878]
[0.744796]
[0.744698]
[0.744617]
[0.744515]
[0.744439]
[0.744337]
[0.744261]
[0.744159]
[0.744085]
[0.743981]
[0.743913]
[0.743804]
[0.743739]
[0.743631]
[0.743566]
[0.74346]
[0.743395]
[0.743289]
[0.743224]
[0.743119]
[0.743056]
[0.74295]
[0.742889]
[0.742784]
[0.742722]
[0.742618]
[0.742559]
[0.742452]
[0.742396]
[0.74229]
[0.742231]
[0.742132]
[0.742067]
[0.741974]
[0.741906]
[0.741816]
[0.741747]
[0.74166]
[0.741587]
[0.741507]
[0.741429]
[0.741349]
[0.741282]
[0.741189]
[0.741131]
[0.741037]
[0.740977]
[0.740888]
[0.740826]
[0.740738]
[0.740675]
[0.740592]
[0.740523]
[0.740446]
[0.740376]
[0.740298]
[0.740232]
[0.740151]
[0.74009]
[0.740005]
[0.739947]
[0.739861]
[0.739804]
[0.739719]
[0.739662]
[0.739579]
[0.73952]
[0.73944]
[0.739381]
[0.7393]
[0.739243]
[0.73916]
[0.739107]
[0.739022]
[0.738969]
[0.738887]
[0.738832]
[0.738751]
[0.738698]
[0.738616]
[0.738562]
[0.738483]
[0.738428]
[0.738352]
[0.738292]
[0.738222]
[0.73816]
[0.738087]
[0.738031]
[0.737953]
[0.737901]
[0.737824]
[0.73777]
[0.737693]
[0.73764]
[0.737563]
[0.73751]
[0.737435]
[0.73738]
[0.737308]
[0.73725]
[0.73718]
[0.73712]
[0.737054]
[0.736992]
[0.736927]
[0.736864]
[0.736799]
[0.736737]
[0.736672]
[0.736611]
[0.736543]
[0.736486]
[0.736415]
[0.736361]
[0.736287]
[0.736236]
[0.736159]
[0.73611]
[0.736034]
[0.735982]
[0.735909]
[0.735855]
[0.735785]
[0.735727]
[0.735659]
[0.735602]
[0.735531]
[0.735478]
[0.735404]
[0.735352]
[0.735278]
[0.735226]
[0.735152]
[0.7351]
[0.735026]
[0.734973]
[0.734902]
[0.734844]
[0.734779]
[0.734716]
[0.734653]
[0.73459]
[0.734525]
[0.734468]
[0.734394]
[0.734345]
[0.734266]
[0.734219]
[0.734139]
[0.734092]
[0.734014]
[0.733964]
[0.733889]
[0.733837]
[0.733762]
[0.73371]
[0.733635]
[0.733584]
[0.733509]
[0.733456]
[0.733383]
