0.21345358503458084
0.2189933436277771
0.22263744709543026
0.22396875164626248
0.2236301692639687
0.22183935602587668
0.2192578787555474
0.21645810563571113
0.2124306794170889
0.20758338396620551
0.2025853974994372
0.19818725147088295
0.19421509219873276
0.19081472355105064
0.18743156986358983
0.1843364300534041
0.181391080077383
0.1787870990430533
0.1764641328716929
0.17438059499467903
0.1724609551388646
0.17054758358233751
0.16895627374661074
0.1672164752817808
0.16564626204757243
0.1640726120547643
0.16272218393009885
0.1614436331712064
0.16022348397792305
0.15906339365834973
0.1579549319536213
0.15690078868641025
0.1558995721004433
0.15497549251123324
0.15408752899371614
0.15321847134824942
0.15239531410810048
0.15160975937816776
0.15086128219566017
0.15014617423790172
0.1494611666775365
0.14880433335150073
0.14817514200056436
0.14757690311374624
0.14698919553332077
0.14641936708703912
0.14590510327758485
0.14541802816169513
0.14494896894806347
0.14445397615622313
0.14400614599459452
0.14350923005698926
0.1430401774818265
0.14258668438720404
0.14214938758935558
0.14172554420312566
0.14131720670772913
0.14091346076144864
0.14052035167864851
0.14013677042565786
0.13976213825427447
0.13939697248359909
0.13904135953896934
0.13869516446350202
0.13835818625031193
0.1380301247763722
0.13771058614181356
0.13739919233711936
0.13709572742912152
0.1368001706656087
0.13651263917159162
0.136233346053658
0.13596257582692628
0.13570061599311298
0.13544763221952533
0.13520354362860668
0.1349680339702727
0.13474059147483178
0.13452068341873244
0.13430790374071283
0.1341019323233909
0.13390250966313813
0.13370938993450682
0.13352235146988164
0.1333411455668538
0.1331655090864678
0.1329952132296379
0.13283001914772824
0.13266970851890755
0.13251408061287537
0.13236294660234915
0.1322161288232726
0.13207349733735402
0.1319349194854554
0.13180027910974865
0.131669453104362
0.13154231880898867
0.13141873927137893
0.13129858042693665
0.13118171486435262
0.13106800649282746
0.13095733169622933
0.13084958152728968
0.13074465518364026
0.13064245531733093
0.13054290253250642
0.1304459277795016
0.1303514546633366
0.13025942163234067
0.13016977956987305
0.13008246351969177
0.12999741748767987
0.12991460033233757
0.12983395007384158
0.1297554183961895
0.1296789584349588
0.129604512066915
0.12953204206741215
0.12946148765976334
0.1293927972215635
0.12932592078454208
0.12926080872880208
0.1291974117581744
0.12913568296782935
0.12907555533859902
0.1290169998358167
0.12895996954537184
0.128904398222456
0.1288502581214546
0.12879749710433444
0.12874606795359403
0.128695938554814
0.12864706826097652
0.12859940668528352
0.12855291552857687
0.12850757303924662
0.1284633327630428
0.1284201554795467
0.12837802247996283
0.12833688218597647
0.12829671325926623
0.12825749934572966
0.12821919421181235
0.12818179400254556
0.12814526724648162
0.1281095808787144
0.1280747157401385
0.1280406447954227
0.128007346849824
0.12797480777015377
0.12794299976288842
0.1279119029166346
0.12788149282217487
0.1278517709861826
0.1278227001164769
0.12779427503823673
0.12776647591867094
0.12773927688433562
0.12771266475341592
0.1276866172988958
0.1276611191215349
0.12763614845033608
0.1276116893875127
0.12758773160032974
0.12756425039421332
0.12754123772540077
0.12751867369101874
0.1274965367715703
0.12747481438218278
0.1274534861004644
0.127432533864167
0.12741194509802398
0.12739170720436083
0.12737180246148194
0.12735221738800112
0.12733293367342396
0.12731394294929055
0.1272952327392375
0.12727678599728218
0.12725859392255487
0.12724064539586283
0.1272229183729872
0.1272054092274456
0.1271880966165093
0.12717096658880894
0.12715400727144788
0.12713719850439079
0.1271205274921305
0.12710397339732424
0.1270875207735758
0.12707115236607658
0.12705484868342518
0.12703859579153637
0.1270223787311717
0.12700618127815977
0.12698999414166368
0.12697380739579317
0.12695761079148687
0.12694140025549444
0.12692517066989406
0.12690891791459546
0.12689264253077315
0.12687634502985604
0.12686002422530188
0.1268436833332776
0.12682732562136512
0.12681095232568237
0.1267945698956878
0.1267781809985754
0.12676178951121525
0.12674540240030058
0.12672902021477975
0.12671264954174769
0.12669629519707512
0.12667995642045426
0.12666364060869284
0.12664735000549274
0.12663108474038667
0.12661484928888547
0.1265986454884399
0.12658247418864463
0.12656633794447233
0.1265502409986908
0.12653418258995944
0.12651816546285763
0.1265021903184523
0.1264862573121179
0.12647036879911405
0.1264545243256073
0.1264387251705665
0.1264229745527567
0.12640727088488127
0.12639161584078806
0.12637601184456684
0.12636045664938922
0.12634495267675222
0.12632950082028963
0.12631410015816205
0.12629875165601862
0.12628345636860952
0.12626821384818396
0.12625302455507273
0.12623789005057084
0.1262228091636074
0.12620778392022
0.1261928136166289
0.1261778982464325
0.12616303978680055
0.12614823597066627
0.1261334878914641
0.12611879796497347
0.1261041634008576
0.12608958497240122
0.12607506494766077
0.12606060079180273
0.12604619308689938
0.12603184308318666
0.12601754914454316
0.12600331218797625
0.12598913293201264
0.1259750090497077
0.12596094249731227
0.12594693284472075
0.12593297895770397
0.12591908232369523
0.1259052410312411
0.12589145663944276
0.1258777289790656
0.12586405585292645
0.1258504388076621
0.12583687888138462
0.12582337232057286
0.12580992143593275
0.12579652685435475
0.12578318517510456
0.12576989923633733
0.1257566681229382
0.12574348979931768
0.12573036653220804
0.1257172965359903
0.12570427924924008
0.1256913163257299
0.12567840501570476
0.12566554685448958
0.1256527415174579
0.12563998714221586
0.1256272858717562
0.12561463582293206
0.12560203644466827
0.12558948941934556
0.12557699199538624
0.12556454475839463
0.12555214916422922
0.12553980201852094
0.12552750438253268
0.12551525753858045
0.12550305776892684
0.12549090735921545
0.12547880618090962
0.12546675141485272
0.12545474589536823
0.12544278694158725
0.12543087506276973
0.12541901128531607
0.12540719268960904
0.1253954212120596
0.12538369577339925
0.12537201502911494
0.1253603808529332
0.1253487912962047
0.12533724562898224
0.12532574567447538
0.125314288942764
0.12530287569892223
0.12529150730902264
0.12528018060009913
0.12526889733151042
0.12525765748193476
0.12524645824650923
0.12523530243635927
0.12522418781035186
0.1252131141358711
0.12520208306284197
0.12519109138676127
0.12518014118294143
0.12516923175158207
0.12515836109718545
0.12514753147557173
0.12513674100393124
0.12512598932116098
0.12511527791055216
0.12510460417915728
0.12509396913504264
0.12508337337653952
0.1250728143545502
0.12506229421809942
0.1250518118734973
0.1250413658490205
0.12503095863726413
0.12502058763483823
0.1250102535670664
0.12499995725106411
0.12498969638379213
0.12497947283881293
0.12496928551804343
0.12495913389917215
0.12494901919774963
0.12493893969254975
0.12492889639476941
0.12491888938046017
0.12490891690344115
0.12489898097875056
0.12488908029229043
0.12487921445675866
0.1248693850065884
0.12485958988555443
0.12484983001044969
0.12484010598930645
0.12483041592636725
0.12482076181524089
0.12481114248045636
0.12480155725153974
0.12479200787789621
0.12478249242725277
0.12477301187865969
0.12476356632213782
0.12475415453359848
0.1247447780046613
0.12473543547480524
0.12472612707456186
0.12471685362791124
0.12470761352968447
0.12469840804830609
0.12468923665849152
0.12468009843164109
0.12467099489831822
0.12466192436063965
0.12465288746848852
0.12464388449855256
0.12463491413278066
0.12462597758115675
0.12461707386282034
0.12460820273356488
0.124599365071134
0.12459055939079983
0.12458178641982944
0.12457304601197083
0.1245643371570999
0.12455566076790349
0.12454701587204987
0.12453840267242186
0.12452982121538968
0.1245212703827147
0.12451275107018882
0.12450426248522359
0.12449580427470026
0.1244873770088294
0.12447897963645872
0.12447061250878354
0.12446227529801566
0.12445396734193195
0.12444568921080391
0.12443743998722713
0.12442921962305056
0.12442102825822944
0.12441286503439897
0.12440473039842757
0.12439662369585706
0.12438854468241176
0.12438049354260271
0.12437246939012483
0.12436447259548718
0.1243565026860164
0.12434855925245931
0.124340642453761
0.12433275152028274
0.12432488664830754
0.12431704743425605
0.12430923343604905
0.12430144490704897
0.12429368120135299
0.12428594208522731
0.12427822774052809
0.12427053744761347
0.12426287127967812
0.12425522879919527
0.12424760987762752
0.12424001425566296
0.12423244160788463
0.12422489190798734
0.12421736473167042
0.12420985989997986
0.12420237721460554
0.12419491630100334
0.12418747727417845
0.1241800596814067
0.12417266315760161
0.12416528779904026
0.12415793304123479
0.12415059900279764
0.124143285328773
0.12413599177656444
0.12412871816905266
0.12412146424979231
0.12411422982433086
0.12410701472561081
0.1240998187337372
0.12409264170504461
0.12408548329098634
0.12407834343646562
0.12407122197709686
0.1240641184832732
0.12405703309066624
0.12404996536250575
0.12404291527952001
0.12403588266853567
0.12402886713660012
0.12402186873319239
0.1240148871737652
0.12400792223074476
0.12400097387151938
0.12399404185026541
0.12398712608660971
0.12398022637654417
0.12397334248603416
0.12396647430900816
0.12395962171723293
0.12395278460309364
0.12394596283355168
0.1239391561841576
0.12393236449901603
0.12392558761305604
0.1239188255291878
0.12391207801388526
0.12390534491689609
0.12389862623556024
0.12389192169531897
0.12388523121746303
0.12387855473453853
0.12387189200705509
0.12386524305906035
0.12385860772851295
0.12385198580264715
0.12384537731927504
0.12383878207935063
0.1238321999635532
0.12382563093320967
0.12381907476600491
0.12381253149779925
0.1238060010256542
0.1237994830610837
0.12379297782284134
0.1237864849609738
0.12378000448384696
0.12377353628205928
0.12376708023959518
0.1237606363771144
0.12375420441739479
0.12374778441853743
0.12374137631361162
