0.0536172750460927
0.054501332745677374
0.0542234650952621
0.05393485551958796
0.05372208333581655
0.05339664478719981
0.053128262702117755
0.05286434361447107
0.052603891237651225
0.05235584076661841
0.05213853400623883
0.05189293451857554
0.05169034293385162
0.05150547176677245
0.05134632480453263
0.051221834672284056
0.05109717414672249
0.05096180195924194
0.0508124763750697
0.050685238285343596
0.05055571348073612
0.05044915848276495
0.050333309326788964
0.050227486082513435
0.05012114669581993
0.05003033172198351
0.04994115182657701
0.049852725040668115
0.04976533978683557
0.049685978969879495
0.04961205918052122
0.0495393524735806
0.04946678930478769
0.04939569158018935
0.049325315811911886
0.04925794833335023
0.04919322864307738
0.0491323911243383
0.0490750853458694
0.04901777596801241
0.04896369989460574
0.04891256563879063
0.04886379937733696
0.048816815258318824
0.048771131155190155
0.04872693364306534
0.048683885479720565
0.0486418475337978
0.04860092781310524
0.04856119505318334
0.04852263536747307
0.048485217490130274
0.04844891565213886
0.04841371865801355
0.04837958235513714
0.048346471115811515
0.04831435433775009
0.04828320365489922
0.04825300475576674
0.04822371097816708
0.04819526224077082
0.04816759426617385
0.048140652863072605
0.048114395081414886
0.04808879108711646
0.04806381523070914
0.048039444834027625
0.0480156643863386
0.04799246612535031
0.04796984269480608
0.04794778080833924
0.0479262619581778
0.04790526491713327
0.04788476772605659
0.04786474766521884
0.04784518301691929
0.04782605307917572
0.04780734164741739
0.04778903199096782
0.047771110042157616
0.047753563519100935
0.04773637757081779
0.04771954108405515
0.04770303900835277
0.04768685909509987
0.04767098627533208
0.04765540636087991
0.047640106524109764
0.047625075671553246
0.04761030535773863
0.047595787481083944
0.047581516733670386
0.04756748764597748
0.04755369775130352
0.04754014326003909
0.04752682255903451
0.047513731251585055
0.0475008658408812
0.04748822167306908
0.047475794466775106
0.04746358025029633
0.04745157617307032
0.04743977919946699
0.04742818643556171
0.047416792617117384
0.04740558005254839
0.04739453799358191
0.047383659065080866
0.04737294449878302
0.04736239764345048
0.04735201919214478
0.04734180639043912
0.047331756663488336
0.04732186665428456
0.04731213352923746
0.047302553922444625
0.04729312349058403
0.047283839604821395
0.047274699230344185
0.04726569879112822
0.04725683519470077
0.047248104887419276
0.04723950567684841
0.047231033937803486
0.04722268793954777
0.04721446335834451
0.047206357906745613
0.04719836894536743
0.04719049408751715
0.047182731157003895
0.04717507750992834
0.04716753121762366
0.04716008994442314
0.04715275156387094
0.047145514331114344
0.04713837534473651
0.04713133379390666
0.04712438764769826
0.0471175336430864
0.04711077149428692
0.04710409950276561
0.047097514355453
0.047091016164160816
0.0470846036804177
0.04707827532315076
0.04707203120002005
0.04706586846153444
0.04705978728412199
0.04705378707188954
0.04704786738171377
0.04704202816863772
0.04703626909966953
0.04703059024443338
0.047024991897180304
0.04701947458865388
0.04701403886835361
0.047008686043060195
0.04700341678622051
0.04699823227696191
0.04699313319920819
0.04698811968746702
0.04698319129278002
0.04697834593928111
0.04697358118020681
0.04696889359667096
0.04696427970562331
0.04695973632465662
0.04695526000600065
0.04695084821995846
0.04694649848548884
0.046942208662995845
0.0469379768871356
0.04693380157616269
0.04692968080363027
0.04692561338019493
0.046921597480032294
0.04691763104430421
0.04691371328047257
0.04690984194846223
0.04690601565903561
0.0469022331572952
0.04689849228497103
0.04689479218979708
0.04689113116829413
0.04688750803827063
0.0468839214477127
0.04688037036240628
0.04687685384380892
0.04687337109439496
0.04686992136616004
0.046866504031766176
0.04686311882756656
0.04685976511599319
0.046856442771873424
0.046853151391761876
0.04684989072204353
0.04684666018515692
0.04684345935487844
0.04684028765709905
0.0468371442693363
0.04683402896446283
0.046830940342200485
0.04682787847743763
0.04682484225873684
0.04682183102703159
0.04681884456419892
0.04681588179472579
0.04681294267499122
0.0468100266567165
0.04680713299705127
0.046804261565162306
0.04680141202324913
0.04679858375889914
0.04679577686522825
0.046792990647541645
0.046790225288743784
0.04678747995432203
0.04678475487032564
0.04678204952780505
0.04677936372794257
0.04677669733310509
0.04677404997503603
0.04677142148260924
0.04676881161508685
0.04676622004943765
0.04676364651389996
0.04676109091244975
0.04675855291084277
0.046756032290451555
0.04675352892520938
0.046751042421912296
0.04674857265080396
0.04674611929646082
0.04674368216485992
0.04674126122108763
0.0467388560008149
0.046736466689298005
0.046734092655159216
0.04673173409903535
0.04672939070482392
0.04672706213867302
0.04672474859349031
0.046722449462702154
0.04672016501728204
0.04671789466364523
0.04671563861947848
0.046713396625087354
0.0467111685083996
0.0467089543524216
0.04670675380319007
0.04670456684214381
0.04670239336953024
0.046700233241518965
0.046698086473274204
0.04669595285858742
0.04669383245910004
0.04669172502141577
0.04668963068004442
0.04668754925595316
0.04668548081280125
0.046683425308349236
0.046681382421666265
0.04667935229624233
0.04667733489603102
0.046675330075818686
0.04667333794873724
0.04667135826154616
0.046669391171376855
0.04666743645044061
0.04666549411703059
0.046663564209767645
0.04666164647446498
0.046659740991821116
0.04665784765195232
0.046655966379528346
0.046654097316901004
0.04665224009851836
0.04665039496591751
0.04664856151160452
0.04664673999122527
0.046644930154970496
0.04664313188545295
0.04664134521161722
0.04663956999762075
0.0466378062401537
0.04663605383995249
0.046634312608518816
0.0466325827495332
0.04663086377186828
0.046629155958793626
0.04662745902578581
0.04662577292559457
0.04662409771623743
0.04662243303340982
0.046620779129597216
0.04661913557507806
0.046617502590311485
0.04661587992380456
0.04661426758102329
0.04661266539649802
0.046611073323520935
0.04660949134314979
0.046607919244743175
0.046606357069445076
0.04660480468026941
0.04660326200727753
0.04660172901923703
0.04660020552966225
0.04659869157598631
0.04659718692774641
0.04659569164755296
0.0465942056040439
0.04659272872360689
0.04659126098033652
0.046589802200685156
0.04658835243487593
0.04658691150011018
0.0465854793453663
0.04658405598706929
0.04658264120470585
0.04658123513073815
0.04657983750170089
0.046578448350992896
0.04657706754962009
0.046575695094497334
0.046574330870464364
0.04657297479127868
0.0465716268835075
0.046570286957103725
0.046568955084052864
0.046567631043922024
0.046566314892528125
0.04656500656479144
0.04656370586482114
0.04656241299054442
0.04656112753450875
0.04655984970468565
0.046558579308917485
0.04655731632379967
0.046556060745862035
0.04655481239703038
0.04655357140063519
0.04655233749819033
0.04655111076154528
0.046549891119437956
0.04654867844598417
0.046547472797359137
0.04654627397113773
0.04654508208999713
0.046543896947521785
0.046542718562362716
0.04654154695972517
0.04654038184662471
0.04653922349153204
0.04653807154709717
0.04653692614958219
0.046535787182475336
0.04653465456086245
0.046533528345306774
0.046532408356705024
0.04653129466281689
0.04653018718213647
0.04652908576140275
0.046527990592893954
0.04652690130986985
0.04652581816664788
0.04652474093370987
0.046523669591004735
0.046522604201469184
0.04652154452487699
0.04652049073413657
0.04651944263986277
0.0465184002395137
0.04651736356741895
0.046516332387825966
0.04651530688250058
0.04651428685328249
0.046513272312902566
0.04651226328004587
0.04651125954653075
0.04651026126177385
0.046509268256137846
0.0465082805129624
0.04650729806234358
0.04650632075094574
0.04650534866164584
0.04650438166450715
0.04650341974685226
0.04650246292985192
0.04650151105676487
0.04650056421290187
0.046499622297978806
0.046498685254209145
0.04649775315288514
0.046496825783107765
0.04649590328805181
0.04649498550089825
0.046494072422368395
0.04649316409533978
0.04649226034364634
0.04649136129278324
0.0464904667593341
0.04648957680525928
0.046488691365743635
0.04648781038820526
0.04648693390384089
0.04648606178265003
0.04648519411400735
0.04648433075814642
0.04648347169560885
0.046482617016231895
0.04648176646836104
0.04648092027706385
0.04648007821852751
0.04647924030588962
0.046478406616232176
0.04647757691429832
0.04647675141477094
0.04647592986855432
0.0464751123793158
0.0464742989004637
0.046473489327081306
0.046472683771393734
0.04647188205010943
0.04647108423579633
0.04647029031338267
0.046469500127122886
0.0464687138216412
0.046467931238468006
0.04646715241483366
0.046466377317049584
0.04646560586263502
0.04646483813270623
0.04646407398705031
0.04646331349719348
0.046462556576591756
0.04646180320071813
0.04646105340725234
0.04646030706995211
0.0464595642719662
0.046458824919404285
0.04645808899070656
0.0464573565103998
0.046456627384637066
0.04645590165753307
0.04645517927071205
0.046454460194311833
0.04645374445990898
0.0464530319535607
0.046452322747873837
0.04645161674521146
0.04645091395530406
0.046450214378489396
0.0464495179288203
0.046448824671455974
0.04644813451033883
0.04644744745110023
0.046446763488210197
0.046446082558663414
0.04644540469657319
0.04644472983545585
0.04644405798034114
0.046443389117006406
0.046442723183835424
0.04644206021494175
0.046441400162653655
0.046440742997758085
0.0464400887392851
0.04643943731145283
0.04643878875225604
0.0464381429980921
0.04643750005943055
0.04643685991035837
0.04643622251339652
0.04643558788906182
0.04643495596928188
0.046434326780091885
0.04643370027545948
0.046433076449750386
0.046432455289915776
0.046431836765597395
0.04643122086256447
0.046430607569534224
0.046429996858404016
0.04642938873818589
0.04642878315274449
0.046428180119443704
0.04642757960922554
0.046426981585080414
0.04642638607960341
0.04642579302245985
0.046425202436885575
0.04642461429227818
0.04642402855634849
0.04642344525538389
0.046422864322373004
0.04642228579075319
0.046421709612607304
0.04642113577492816
0.04642056428990486
