0.05003030398197696
0.05247831409287868
0.053562029222403856
0.054546670070248646
0.05527987825677213
0.05575630951826327
0.056095766330421695
0.05634464355861569
0.0564478880571851
0.05650054581258109
0.05640850346706195
0.056302709910849943
0.056149635495698194
0.05598224926728666
0.055825799036248326
0.055669623812503254
0.055511554890872825
0.055366664322139575
0.05522997225277253
0.05509639793973926
0.05496147132100131
0.05483659817100523
0.05472502487171151
0.054606132174545095
0.054499596153121506
0.054393507916201
0.05429608695114364
0.05419615108881547
0.05410027951679972
0.05400902293795761
0.05392097474270216
0.05383921108251779
0.05376424662950015
0.05368937141080914
0.05361793708663193
0.05354378781425458
0.05347211840171263
0.05340211682594499
0.05333427622409309
0.0532684227411441
0.05320443365702497
0.05314231078503147
0.05308223420350047
0.053024545788282765
0.05296949551528515
0.05291633423049969
0.05286517769825306
0.05281476810549954
0.052766675150772706
0.052720108758681876
0.05267616234750986
0.05263303205548779
0.05259383713357007
0.0525555999954379
0.05251889582560002
0.052483815752800665
0.052450497569688795
0.052418565717083296
0.05238841451845669
0.05235893596847623
0.05233033760391283
0.05230250604963782
0.052275341409360375
0.05224880264939289
0.052222861922435276
0.052197493666953566
0.0521726765938122
0.052148395143792624
0.05212464152554904
0.05210142099112981
0.05207875043268003
0.052056646069599005
0.05203511112640512
0.05201412850783421
0.051993651154172836
0.05197359740698503
0.05195387946569314
0.05193444928155832
0.051915294941355564
0.051896413152857326
0.05187779960090362
0.051859449484176055
0.051841357978168794
0.05182352131320368
0.05180593748760499
0.05178860822219374
0.05177153624364657
0.05175472278356085
0.051738169813556785
0.05172187909262011
0.051705851219072965
0.051690084864323034
0.05167457553737278
0.051659317616017164
0.051644304031821305
0.05162952609992925
0.051614975629140955
0.051600645285571865
0.05158652945262278
0.051572623493800075
0.051558923815118084
0.05154542749228862
0.05153213236091365
0.051519036160692123
0.0515061359092682
0.05149342879983125
0.051480912015542106
0.05146858180476023
0.0514564343773853
0.0514444661640199
0.05143267283725488
0.051421050093339214
0.051409594287478724
0.05139830107901854
0.051387166098738175
0.0513761857363838
0.05136535619699493
0.05135467357380083
0.0513441345763981
0.051333735745950224
0.05132347357173632
0.051313345226103084
0.05130334760150955
0.0512934783542527
0.05128373418256388
0.05127411249223376
0.051264611662101
0.05125522882302869
0.0512459614221645
0.05123680781936404
0.05122776590069397
0.05121883333669073
0.051210008521676134
0.051201289679004384
0.05119267443409708
0.051184161473010324
0.051175749190970274
0.05116743534820158
0.05115921880153387
0.051151097728990576
0.051143070431186835
0.051135135727506754
0.0511272916860419
0.05111953692828264
0.05111187031644857
0.051104289783307555
0.05109679421316515
0.05108938242208839
0.05108205261526986
0.05107480380645977
0.051067634593029265
0.051060543720265535
0.05105352984672494
0.051046591982668525
0.05103972905518235
0.051032939634438536
0.051026222807038966
0.05101957768517912
0.05101300340447761
0.05100649861429313
0.05100006295322271
0.05099369571452621
0.05098739547585361
0.050981162520037586
0.050974995493456195
0.0509688938558293
0.050962857545089696
0.05095688534472652
0.05095097717775942
0.05094513261844428
0.05093935099015969
0.05093363208408448
0.05092797534569383
0.050922380420927525
0.05091684688252935
0.05091137402286998
0.05090596169054853
0.05090060921841992
0.05089531557802087
0.050890080548947475
0.0508849031908712
0.05087978230844097
0.05087471739571514
0.05086970709505563
0.0508647504059984
0.05085984627170695
0.05085499360735282
0.05085019139754414
0.05084543864636785
0.05084073463399692
0.050836078573590335
0.05083146987883102
0.0508269080265248
0.050822392595451175
0.05081792310968332
0.05081349923074394
0.05080912048168369
0.050804786440043055
0.0508004967481243
0.05079625067119606
0.050792047826903115
0.05078788762308198
0.05078376925604519
0.050779692152231395
0.05077565564344572
0.050771658867701845
0.05076770112823022
0.05076378172646272
0.050759899693366514
0.05075605452282017
0.05075224530993484
0.05074847117648875
0.05074473166067296
0.05074102584347557
0.05073735294145105
0.05073371251728455
0.050730103699929835
0.050726525830740256
0.0507229784628346
0.05071946077898127
0.0507159723582185
0.05071251259809991
0.05070908088664577
0.05070567687840935
0.05070229998467884
0.050698949682271906
0.05069562564491536
0.05069232740696734
0.050689054455307206
0.050685806574320605
0.05068258330702802
0.050679384205529164
0.050676209147936475
0.050673057644199486
0.05066992931069358
0.05066682405030534
0.05066374143369205
0.050660681155542474
0.05065764305394949
0.050654626726363505
0.05065163204895449
0.05064865869946195
0.050645706371120425
0.05064277499100032
0.05063986421317491
0.050636973803483
0.05063410361787252
0.05063125338369957
0.05062842286123769
0.05062561196095066
0.05062282034459235
0.050620047830899906
0.05061729436782109
0.0506145595866218
0.05061184332902057
0.0506091455271994
0.050606465838782734
0.05060380415699407
0.05060116035545757
0.05059853412305192
0.05059592540253639
0.050593333968079725
0.05059075966254571
0.05058820233707085
0.05058566175396283
0.05058313782601794
0.05058063040200398
0.05057813920795362
0.050575664179215024
0.05057320519720849
0.05057076197403191
0.050568334453268596
0.05056592250255799
0.05056352587600775
0.050561144512336384
0.05055877824041444
0.05055642687808488
0.050554090335801896
0.050551768432818264
0.050549461041997375
0.050547168043842614
0.05054488925453092
0.050542624585121876
0.050540373881075615
0.050538136991910364
0.050535913822816504
0.05053370421471073
0.05053150802992373
0.05052932520392889
0.05052715553491612
0.050524998919999335
0.05052285530973808
0.05052072444883078
0.05051860629135035
0.0505165007492898
0.05051440761816604
0.05051232682925051
0.05051025830063937
0.05050820185179269
0.05050615739593861
0.0505041248370314
0.05050210403374695
0.050500094919563726
0.0504980973334887
0.050496111200160336
0.05049413641092178
0.05049217282580738
0.05049022039943753
0.05048827898798791
0.05048634848114841
0.05048442881829925
0.050482519850040763
0.05048062149867386
0.05047873369965918
0.05047685629679152
0.050474989213427836
0.050473132399347004
0.050471285683774306
0.050469449016787696
0.050467622320858066
0.05046580545414324
0.05046399838895753
0.05046220098004557
0.050460413154867115
0.05045863486367292
0.050456865961902166
0.050455106398931575
0.05045335609723976
0.05045161493823414
0.05044988287943744
0.050448159798293014
0.050446445620005664
0.0504447403004444
0.050443043710714654
0.05044135578595908
0.05043967649316778
0.050438005680561004
0.0504363433253177
0.050434689347181136
0.05043304362894121
0.05043140616158456
0.050429776818305794
0.050428155548516346
0.050426542299488
0.050424936960170565
0.05042333949255316
0.05042174981092766
0.05042016785006371
0.050418593571129385
0.05041702685424016
0.05041546766930985
0.05041391597266228
0.05041237163404286
0.05041083465782752
0.05040930495888814
0.05040778244973473
0.0504062671221073
0.05040475886789323
0.050403257651393495
0.050401763436498964
0.050400276109474784
0.050398795677473227
0.05039732206443912
0.05039585518851488
0.05039439504720832
0.050392941548564746
0.0503914946617836
0.05039005434285892
0.050388620506790084
0.05038719315138863
0.05038577220136721
0.050384357603096556
0.05038294934884442
0.05038154733605995
0.05038015156737442
0.05037876199418636
0.05037737853369252
0.05037600119630126
0.050374629906522236
0.05037326462103187
0.05037190534020991
0.05037055195913727
0.05036920449787746
0.050367862900515675
0.05036652710751127
0.050365197123928694
0.05036387286821841
0.05036255433520939
0.05036124148048045
0.050359934246284425
0.050358632641672806
0.050357336595328955
0.05035604607745236
0.05035476108800887
0.050353481541557825
0.0503522074486721
0.05035093876341807
0.05034967543125826
0.050348417466928114
0.050347164802002804
0.050345917417587746
0.05034467529954365
0.050343438378558134
0.050342206672286595
0.05034098012308278
0.05033975870082592
0.05033854240243139
0.0503373311525188
0.050336124975000625
0.05033492381572216
0.05033372763938701
0.050332536455221254
0.0503313501862336
0.05033016884143293
0.050328992395907345
0.050327820789342594
0.050326654042158525
0.05032549209627781
0.0503243349298433
0.05032318254192355
0.05032203487066919
0.050320891921215985
0.05031975365780688
0.050318620051865826
0.050317491100807014
0.050316366747902734
0.05031524699706282
0.0503141318148235
0.05031302116294708
0.0503119150532628
0.05031081342907177
0.05030971628624565
0.05030862360590786
0.050307535345541075
0.05030645150690351
0.05030537204354935
0.05030429694648512
0.050303226205436716
0.05030215977250502
0.05030109765176063
0.05030003980791246
0.0502989862137621
0.05029793687568503
0.05029689173634385
0.05029585080139171
0.05029481403817156
0.050293781424585855
0.050292752961341614
0.05029172859836411
0.050290708337329376
0.050289692148948094
0.05028868000215679
0.0502876719106884
0.050286667824892925
0.05028566772838842
0.0502846716223148
0.05028367945404333
0.050282691240084526
0.05028170693613969
0.05028072652360117
0.050279750004557096
0.050278777332102044
0.05027780851714429
0.05027684351972513
0.050275882328149474
0.05027492493076377
0.050273971286755224
0.05027302140585063
0.05027207525546681
0.050271132809145316
0.050270194075094365
0.05026925900329893
0.05026832759406832
0.05026739983343134
0.050266475687309166
0.050265555161990126
0.05026463821586006
0.05026372484204064
0.05026281503278093
0.05026190874894445
0.05026100599783354
0.050260106743048504
0.05025921096970286
0.05025831867594292
0.05025742982446489
0.05025654442211122
0.05025566242865781
0.0502547838391268
0.05025390864438764
0.050253036805339296
0.050252168334106305
0.0502513031924634
0.05025044136725033
0.0502495828633301
0.05024872763156589
0.05024787568376669
0.05024702698836486
0.05024618152778313
0.050245339305011995
0.05024450028284677
