-772.1303693988816
-841.7983564629419
-853.654468793451
-849.4360093543067
-853.2976427490898
-852.556530160311
-845.689206540847
-854.621476789771
-848.1255457847465
-847.9851533235236
-854.1967552972372
-856.9410948730091
-857.6350458250739
-855.4187511400906
-856.9486190498842
-860.1719393057863
-858.1022089509296
-859.6695238552448
-860.0171217818796
-863.3769656694768
-857.6387392261685
-859.4808090930009
-861.030427158707
-866.0814937219603
-863.5345865059987
-864.7392538899575
-865.4841934873847
-863.1343989561234
-864.0883820182607
-866.6570906309416
-868.095297229841
-867.1419247183042
-865.1854491061789
-866.7022735212048
-864.7284747512222
-866.2998267327504
-864.6367306325665
-865.1976282926775
-863.8448820007849
-864.2856919027569
-863.644223325243
-863.1412769179375
-863.2609527987696
-863.1621129461115
-863.1482845685128
-863.0527859185546
-862.9284703234081
-862.8625175815988
-862.9092482124169
-862.9239506559335
-862.898166855424
-862.8762146483667
-862.8057727627981
-862.6656194559259
-862.586049314707
-862.5494581445977
-862.4849475903516
-862.4097206036157
-862.314114153023
-862.2168066221462
-862.1067597147124
-862.0010629035648
-861.8974590469752
-861.8050601328051
-861.727917221969
-861.6701339525176
-861.6276586959727
-861.6004886090958
-861.5866457665021
-861.586363901216
-861.5996841662025
-861.6236553936976
-861.6538805164033
-861.6864153137033
-861.7199161241305
-861.7551102131035
-861.7937926075908
-861.8356197958944
-861.8793686720636
-861.9256576967463
-861.9703159036677
-862.0130210738436
-862.0545437008473
-862.0968337569362
-862.1399464019032
-862.1878592389644
-862.2441701988465
-862.3114908323794
-862.3893015112656
-862.4755261582642
-862.5656833317724
-862.6557896521432
-862.7414909880589
-862.8206205386117
-862.8928338195348
-862.9602436685594
-863.0250257713316
-863.0891600971368
-863.1527474612343
-863.2163027991608
-863.2790293202567
-863.3414118046757
-863.4030345358359
-863.4667147440027
-863.5282511861511
-863.590104772973
-863.644102787331
-863.6931723512414
-863.7392588600392
-863.7869196879976
-863.8354178307383
-863.88432832419
-863.934675125513
-863.9831848531185
-864.03424569607
-864.0825542183625
-864.1312936822395
-864.178791055513
-864.2257596876617
-864.2712477074144
-864.3161081957602
-864.3592408159805
-864.4023950247748
-864.4423578828042
-864.4838989259325
-864.5225844972726
-864.5606043687937
-864.5977853366464
-864.6336272046651
-864.6687124866786
-864.7026418564877
-864.7357475455419
-864.7678419310487
-864.7991022533679
-864.829490140116
-864.8577320168545
-864.8879282304385
-864.9158064120371
-864.9425394605925
-864.9706660437905
-864.9969258628757
-865.0222600882349
-865.0488703838586
-865.0707113850173
-865.097325120768
-865.1190786041376
-865.142117400602
-865.1643498450945
-865.1842208088083
-865.2040803485332
-865.2226097777524
-865.2389864841048
-865.2553770978161
-865.2683869024315
-865.2804445967366
-865.2901913750886
-865.2977424003432
-865.3038060476711
-865.307871071701
-865.3116438862953
-865.3159149998338
-865.3216558272222
-865.329876200705
-865.3395821841775
-865.3512211504061
-865.3639649319939
-865.3772118691301
-865.3897838478479
-865.4025787121361
-865.4140517385147
-865.4242986078103
-865.4353598457246
-865.442968588824
-865.4529720088647
-865.4612118534706
-865.4691806628568
-865.4780809954743
-865.4864019729854
-865.4949488414933
-865.5037357396687
-865.5126405691875
-865.5216058761063
-865.5296502353859
-865.5393201343753
-865.548687447162
-865.5572323583256
-865.5672440602247
-865.5768792051502
-865.5871529817513
-865.5978250706138
-865.6089332033115
-865.6203480130561
-865.631416419645
-865.6427067402922
-865.6530589112
-865.6627660432116
-865.6719365787578
-865.6797622932617
-865.6871389302264
-865.6938236910364
-865.6996078011007
-865.7047776041367
-865.7100457575824
-865.7143342311485
-865.7185244338776
-865.7223049679673
-865.726091224759
-865.7294090790765
-865.7325039673215
-865.7357925684837
-865.7385902297009
-865.74174940412
-865.7441744617227
-865.7467454392063
-865.7496414387226
-865.7518230725419
-865.7543818992481
-865.7568961488257
-865.7588791320261
-865.7616755391375
-865.7634797556582
-865.7659986208436
-865.7683935657764
-865.7707406949514
-865.7732519831338
-865.7754474030713
-865.7785740050252
-865.7801012685354
-865.7836580461066
-865.785755708694
-865.7887731690678
-865.792158833612
-865.7942940141598
-865.798310909608
-865.8006426999065
-865.8042810266033
-865.8076195265942
-865.8105663346307
-865.8150152331863
-865.8176797654166
-865.8220608433446
-865.8256969499758
-865.8297998395838
-865.8344454713736
-865.8383505386842
-865.8431516717611
-865.847695834266
-865.8523269537549
-865.8577063673949
-865.8625397791322
-865.8681788668358
-865.8735778817148
-865.8795635869759
-865.885496847771
-865.8918230141655
-865.8982206832903
-865.9047586930124
-865.9116433468639
-865.9183605016497
-865.9260366919474
-865.9334878061845
-865.9409157944096
-865.9494331353319
-865.9566837622922
-865.9658104549792
-865.9735084852573
-865.982369561952
-865.9911752549449
-866.000103118633
-866.0090111363994
-866.01834627503
-866.0274267342089
-866.0371624884114
-866.0460247581655
-866.056066782754
-866.0647316488476
-866.0749822712727
-866.0839641202936
-866.0939065901492
-866.103541344836
-866.1130014698844
-866.1228951300327
-866.1322043521812
-866.1420349845791
-866.1514469431612
-866.1607434276866
-866.1706734968786
-866.1794715919089
-866.1894174166232
-866.1985127415716
-866.207911817443
-866.2172915725255
-866.226071617386
-866.2356829212838
-866.244311567507
-866.2536998093776
-866.2623204834837
-866.2713888529082
-866.2802629938732
-866.2887915506382
-866.2976962169329
-866.3062369120574
-866.3150784768036
-866.3232899541154
-866.3319598568008
-866.3402625481476
-866.3485180011468
-866.3570518827314
-866.365162030668
-866.3734247492812
-866.3815671416537
-866.3894245765248
-866.3978315192354
-866.4053504622603
-866.4136051483123
-866.4214140330095
-866.429085561937
-866.4371109269208
-866.444517395308
-866.4524119329733
-866.4598152301785
-866.467635988016
-866.4750856336368
-866.4826592782167
-866.4902447275324
-866.4974118614339
-866.5052469046915
-866.5121531255497
-866.5198023378667
-866.5271807722429
-866.5341672787197
-866.5419816418349
-866.5483633632265
-866.556332607028
-866.5631984856042
-866.5705038212383
-866.5778626505107
-866.5845918021296
-866.5922228201342
-866.5987466340887
-866.6062486869524
-866.6130204564586
-866.6200470799499
-866.6274032182064
-866.6338256836444
-866.641442379897
-866.6479405584113
-866.655053274962
-866.6621254828727
-866.6686944043302
-866.6760662540137
-866.682606499709
-866.6896223911511
-866.6966501508186
-866.7032946708287
-866.7104882194701
-866.7171145825391
-866.7241566466507
-866.7309912409906
-866.7375838042872
-866.7448246232785
-866.7511840364205
-866.7582930686614
-866.7650582005306
-866.7716873325793
-866.7786465000403
-866.7853145705866
-866.7922159271939
-866.7988614295778
-866.8056859641088
-866.8123634230916
-866.8189761600707
-866.8258840246822
-866.8322611123006
-866.8391695540415
-866.8457233474671
-866.8521692756797
-866.859093380162
-866.8652503431613
-866.872315423943
-866.8785449413294
-866.8851469405132
-866.8918913842422
-866.8979291928077
-866.9049284454491
-866.9109525492395
-866.9175523900443
-866.9239192385711
-866.9301309184389
-866.9365993982259
-866.942640439008
-866.9491370880509
-866.9551504295958
-866.9614118233558
-866.9677480260511
-866.9736218525528
-866.9799791425626
-866.9858439844633
-866.9919255161748
-866.9980261716751
-867.0036769764821
-867.009998989133
-867.0156284482955
-867.0215255529729
-867.02754869665
-867.0329323905473
-867.0390491766516
-867.0446438349371
-867.0501627856577
-867.0560549317702
-867.061479071475
-867.0671364455693
-867.0726252659862
-867.0781506076311
-867.0836692541578
-867.0889036938784
-867.0946867209738
-867.0996196721175
-867.105317891806
-867.1104818931624
-867.1156479219476
-867.1211793386922
-867.1260335154616
-867.1313687836432
-867.136535260009
-867.1414450459417
-867.146781256364
-867.1516057298288
-867.1567492703273
-867.1617705458617
-867.1665839640972
-867.171735110845
-867.1764276445881
-867.181473877658
-867.1862212969795
-867.191075097138
-867.1959473374719
-867.2005163336735
-867.2054755807484
-867.2100357244185
-867.2148084139185
-867.2195517475018
-867.2240082100712
-867.2287984514021
-867.2332760122391
-867.2377876962752
-867.2424142814177
-867.2468658024918
-867.2513483888553
-867.2558932850853
-867.2602023953307
-867.26473244508
-867.2691011903212
-867.2734942343769
-867.2778354111742
-867.2822984814047
-867.2865920175208
-867.2908303495425
-867.2952682256761
-867.2994116761336
-867.3037262470925
-867.3079713240325
-867.3121357889278
-867.3162842020732
-867.3205550011684
-867.3245913974472
-867.3288078861161
-867.332872298747
-867.3369593805461
-867.3411011000812
-867.3450986507981
-867.349229170576
-867.3531569488032
-867.3572564117591
-867.3612159122636
-867.365227030688
-867.3691790050987
-867.373185118636
-867.3771074231992
-867.3810366616549
-867.3850017464611
-867.388804350798
-867.392785735804
-867.3966493786123
-867.4004743535484
-867.4043567703418
-867.4081356221791
-867.4119638121301
-867.4157600746221
-867.4195564556244
-867.4233381434825
-867.4271007663345
-867.4308374895394
-867.4346615153504
-867.438217374325
-867.4420894345966
-867.4456831462932
-867.4494529726878
-867.4531739536252
-867.4567845318061
