-127.69204138248766
-130.59183883016564
-154.10581950012997
-174.56539448277888
-183.7261088195728
-185.91834338406386
-188.75687962695068
-187.97233035623975
-190.08893668331567
-195.90131998818606
-196.8897098676256
-193.65525208531162
-196.4126070661103
-196.3524706653639
-198.68211390343563
-200.98307764740701
-203.49639019327446
-208.83056477800966
-206.31798807265014
-209.54497522876676
-211.05757613855167
-211.92751908017792
-209.87222384265883
-210.10852543648585
-210.11601336971768
-210.25650198687586
-210.60660519621794
-208.14663920612165
-208.75726094821016
-209.21206755185992
-212.98032142397744
-214.35985519844292
-211.0589536118558
-214.0458920955476
-213.46916014124022
-213.32111378275889
-212.45299332656847
-212.06671355741707
-212.06338541851215
-212.12603170003388
-211.88048383363048
-211.48008053521957
-211.01117285113756
-208.7341306847814
-207.2421150398341
-208.46134256772902
-208.78498650147162
-208.94613166572552
-209.02185461870448
-209.2907399991306
-209.5235874482952
-209.65059005586872
-209.7338776169182
-209.85127486730548
-209.96248712951095
-210.07215861102665
-210.17493731700165
-210.26752921939914
-210.3594099603614
-210.4503821119227
-210.52565290468593
-210.51296572686746
-210.38885408673826
-210.31688586314098
-210.46026207726692
-210.91888216648144
-211.80103944983853
-212.46911573692657
-212.35037564035778
-212.1953998559849
-212.06731053375006
-211.92242004335938
-211.75014970067025
-211.52673590854482
-211.23485681137615
-210.91652959622843
-210.5987302272658
-210.3876602055346
-210.35847271755154
-210.5757536952301
-211.1010815691355
-212.0497025661067
-213.7214327747035
-216.07886359699114
-216.3095395969765
-216.61499778305455
-216.76146441882466
-216.8417478336391
-216.875587325024
-216.89853124063333
-216.97253358336496
-217.2477545828437
-217.378184931064
-216.7753223792168
-216.80168575040102
-216.87607824317578
-216.93684449080743
-216.989660805205
-217.04090245919977
-217.09755822654122
-217.1657214307042
-217.2568341150919
-217.36804799158193
-217.44477382732987
-217.4590451118029
-217.48877260328504
-217.51338634924898
-217.54871633119203
-217.58697197493078
-217.63251367143837
-217.67828248995792
-217.72601390291308
-217.77418365763268
-217.8098212765839
-217.85719240898763
-217.90961520412785
-217.94837861262758
-217.9930343556224
-218.0308270579854
-218.0761054808819
-218.11194157008575
-218.15223796494342
-218.18549668857133
-218.22532738016258
-218.2588165616849
-218.2885878879047
-218.3212560188242
-218.3461737572604
-218.38326397575514
-218.40651264754393
-218.43537666305883
-218.456152743383
-218.4821807879501
-218.50270952642785
-218.52392259458708
-218.5414082906631
-218.56259949435548
-218.5749928582879
-218.58673281838597
-218.5967198596945
-218.601270089078
-218.60607127382136
-218.60141492570835
-218.59438969234265
-218.58642956225006
-218.5694676932184
-218.54925189469068
-218.52437353801812
-218.49651108989235
-218.45855174905495
-218.41795419082368
-218.36979676197768
-218.3110295813481
-218.24912218949788
-218.17184171790174
-218.08443257194432
-217.98765640394961
-217.87077908390734
-217.73441854167854
-217.5856058425941
-217.39975052060626
-217.17773022144866
-216.91376156587106
-216.5645213257894
-216.06173860905696
-215.24647039318384
-213.87793892306763
-215.50270022351614
-215.87757682122188
-214.3370249410487
-214.76814950279797
-214.86117835849407
-215.08983496518914
-215.20704386325104
-215.29340802619322
-215.35886955067673
-215.41132039841173
-215.45573921947403
-215.4956095446427
-215.53295252285588
-215.56931828444291
-215.60562817410894
-215.64262396964375
-215.68080315379825
-215.72059435849224
-215.762175653762
-215.80549601196512
-215.850168319385
-215.8952396836153
-215.93938178668895
-215.9812870762386
-216.02012500222352
-216.05583501342878
-216.08901608584682
-216.120351516532
-216.15048565575586
-216.1798410884309
-216.2085901383019
-216.23670621527725
-216.26405693612918
-216.29052086466467
-216.31592789468402
-216.34009749221227
-216.36289168891602
-216.38418173028506
-216.40371667894976
-216.42155387528405
-216.4387524540578
-216.4536157352888
-216.4670142099318
-216.47889209088123
-216.4895018046027
-216.49673317889898
-216.5040793087141
-216.51562956930326
-216.5185005511454
-216.52661751461295
-216.53095668125542
-216.52726163597134
-216.52207595330955
-216.5217138908877
-216.5200972561788
-216.5239862695874
-216.52652257809396
-216.5251082011206
-216.52342675337778
-216.5236459683309
-216.5196055986741
-216.51141937992878
-216.5023271726983
-216.4934938899443
-216.48321231507407
-216.46834428987444
-216.45292663570243
-216.436334671006
-216.4152656851188
-216.3928517844781
-216.36929223689376
-216.3413207269863
-216.31204813873944
-216.28361999894634
-216.25321123901654
-216.22342082686237
-216.19567863532617
-216.16754662804703
-216.14084586964415
-216.1176231779971
-216.09438979662445
-216.07348451599415
-216.05440805997
-216.0404498092965
-216.02680544501
-216.01644072172937
-216.0108927900528
-216.0038082810026
-216.00131141315413
-215.99385124331266
-215.99066890101136
-215.98910342728965
-215.98698989931023
-215.98429940514632
-215.98453526823363
-215.9835068754224
-215.98409670671217
-215.9843363837198
-215.98485954324576
-215.98458281853743
-215.98625430728282
-215.98778903333863
-215.99195036466404
-215.99287718762363
-216.0021185271638
-216.00680764050114
-216.0188896906622
-216.03035302075153
-216.04438230770393
-216.05648605812394
-216.06798931497545
-216.0848597174437
-216.09862729876886
-216.10922933624977
-216.11969729004198
-216.1255153364672
-216.13140127824101
-216.13594770258996
-216.14290045242706
-216.1461267860799
-216.15185697746082
-216.15783736833689
-216.16345771599882
-216.166698308143
-216.1716574467963
-216.17551586357877
-216.1801137055355
-216.18477520723079
-216.1888277059817
-216.19219924486055
-216.19669300095143
-216.20015061213752
-216.20440491045386
-216.2076486008953
-216.21107368392464
-216.21326024378337
-216.21658534072915
-216.21794776599177
-216.2211693392159
-216.2215368044074
-216.22435717022898
-216.22461004153072
-216.22669317187137
-216.22713661707775
-216.2284511103474
-216.2294433849371
-216.22992654683512
-216.23088676982462
-216.23097654167864
-216.2323122798063
-216.2320391004745
-216.23366614316654
-216.23303004201105
-216.23410048762074
-216.23353862028083
-216.23384527613703
-216.23366123770987
-216.23311690763992
-216.23284039035246
-216.23174416462072
-216.23087345714006
-216.2293770268893
-216.22795957074322
-216.22607907602048
-216.22391481824835
-216.22164487144212
-216.2188980105335
-216.21631629718092
-216.21304226080667
-216.21013434742966
-216.2065372469955
-216.20346015319348
-216.1998098614121
-216.19668173979485
-216.1932584666916
-216.19028029380686
-216.18738839863965
-216.18465811056424
-216.18239129794824
-216.1802492781976
-216.17845314750997
-216.17708087301423
-216.17592199050472
-216.1751161161526
-216.17419606331887
-216.17416182305345
-216.1734740242764
-216.17425656789172
-216.17400086890908
-216.1744439443447
-216.17520689395977
-216.17520409320423
-216.17640806527623
-216.17726362223652
-216.1779306890276
-216.1795140070439
-216.1804075357484
-216.1812970354354
-216.18312109347085
-216.18391754839635
-216.1857154496322
-216.18716774691632
-216.18869201558445
-216.19068599920917
-216.19242648718355
-216.19449928836232
-216.19604387121643
-216.19876069693424
-216.20024490416466
-216.20294466987153
-216.20489112639703
-216.2069883998215
-216.20975879522683
-216.21158506344833
-216.21424059015035
-216.21657568883998
-216.2185690241095
-216.2214196495323
-216.22360181822535
-216.2256998073046
-216.22873538337444
-216.23060979197746
-216.23336311569568
-216.2360318871997
-216.2382623940312
-216.2412227416868
-216.24347115583504
-216.24652639691647
-216.24896563659536
-216.25163056308338
-216.25445499105672
-216.25702776743913
-216.26006511071495
-216.2624185883471
-216.2653494283762
-216.26804459259264
-216.27047742643745
-216.2737688522432
-216.27604206942246
-216.27855435179626
-216.28191371511937
-216.2841254709363
-216.28722022820745
-216.28980497716074
-216.29243039276028
-216.29566344397398
-216.29813723332379
-216.30117432908608
-216.30389162264214
-216.30663363412
-216.30980308885472
-216.31240069429455
-216.31558121570868
-216.31806989292588
-216.32101839508144
-216.32428765112007
-216.3266774037062
-216.32981420779515
-216.33283230218348
-216.3353231403357
-216.33901846295146
-216.34133011081587
-216.34448827035445
-216.34771932586222
-216.3505472234959
-216.353822969759
-216.35672364477128
-216.35988858879955
-216.36302778308402
-216.3663627680732
-216.36960590005924
-216.3724601444795
-216.37609275157206
-216.3792204915249
-216.38247530066982
-216.38602417376381
-216.38911980851864
-216.39244743530693
-216.3962708473955
-216.3992611925164
-216.4028686336279
-216.4063372577362
-216.40986741010008
-216.4134016151395
-216.41686985716765
-216.4204775394515
-216.423942094116
-216.4277714401001
-216.43129731745822
-216.43473977430824
-216.4386758443539
-216.44211102087817
-216.4458949430478
-216.44951433164792
-216.45310712296813
-216.45685865642145
-216.46052392072704
-216.46416416434903
-216.46784525617988
-216.47143350388546
-216.47531660827377
-216.4787398590487
-216.48254148499387
-216.48619890135421
-216.48970105641743
-216.49364537695982
-216.49709435368706
-216.50068058422755
-216.50452284383275
-216.50792527408075
-216.51174506581623
-216.51516641932272
-216.51875945118104
-216.52252609731508
-216.52579389478396
-216.52955197638406
-216.5330595056491
-216.53634758876936
-216.5402832000045
-216.5433308595991
-216.54697804319457
-216.5505977219793
-216.55372174165728
-216.55751046781654
-216.5607582183749
-216.56408075137708
-216.56774863975545
-216.57075759697213
-216.57441230599287
-216.57761781766536
-216.5807971676352
-216.58450586404652
-216.58728574912118
