-702.4062632092516
-803.0475942585374
-803.2571051582748
-803.7488123005702
-803.544351417983
-806.4513929996822
-805.6844086406875
-806.9658920693763
-807.0268287600433
-814.0971325683568
-807.897764120682
-811.8142818494089
-811.7035526478234
-815.7326568080123
-812.0321083209217
-816.6733703758448
-814.7537234604755
-814.2331892182918
-815.0042322512979
-817.6612245840209
-813.656178972875
-814.2471187691663
-817.7974764741143
-814.2544582936057
-813.4209394591045
-812.9947839821298
-814.0496318390614
-814.0734842568244
-815.6126636798277
-814.4605334936622
-814.5794255200502
-808.8080883338073
-815.2804812752471
-813.4798304939734
-814.5474809270232
-815.0099710916649
-816.2031774227687
-815.924320303041
-815.4694590480325
-815.3477485969222
-816.1188006666093
-816.8855314943434
-817.1057922957913
-817.5792990892753
-815.2308147341131
-818.1171778756443
-817.2015514963042
-817.5914956736322
-817.7520913030942
-816.6910259262108
-817.1133049132284
-818.1191007085929
-818.6402767609572
-818.8639625684445
-817.1283360851733
-817.9633453282056
-818.3373212502196
-817.7861973588784
-817.9642682773655
-818.4890168466598
-818.3383318492736
-818.3587541587731
-819.0120795851293
-818.0699201622842
-817.2923920343554
-818.8535167465033
-817.2892861686846
-818.3670090351325
-818.3331440079239
-818.8186969875812
-818.1212469439134
-817.9464459193607
-817.6093556594036
-817.7035883423689
-818.346639830512
-818.5195895970662
-818.0941000886146
-817.6832761704122
-817.63297649659
-818.4047077069632
-818.4699477908722
-818.278546088937
-818.3539783339863
-817.6875207318989
-818.1870973852726
-817.6958510778503
-817.3283171826649
-818.878555962361
-818.7624081498113
-818.0993774295205
-818.6064239600523
-818.8866411896623
-819.2212187124057
-818.8039489465629
-817.9139808671787
-818.2682779038253
-818.4898943204219
-818.6351035656141
-819.1066262579745
-817.6594893049122
-819.506626095475
-818.7972691958213
-817.9463551731008
-817.739034890166
-818.7013175048069
-817.2347310841194
-817.7305644800887
-817.582341586073
-816.7238859867515
-815.9913870336834
-817.9093589464882
-817.3843389544653
-817.8142128580419
-819.1048355384507
-817.9382178013458
-818.0682380269445
-818.2843280435762
-818.3221874957027
-819.2253335466253
-817.6908916508708
-818.1547091507229
-816.6402194704012
-818.3901098510262
-814.6516103254568
-815.9988476037779
-818.0658477723003
-817.0081939765317
-817.1847110800661
-819.6943528807456
-818.2417533438578
-818.7061307555912
-818.2132191602877
-818.2728230402021
-816.9137996549078
-817.2029684330093
-817.6595193128118
-816.0597772509639
-818.7683170010473
-816.1492659834006
-817.2811981362725
-815.5263957209122
-816.3207585762215
-815.7044518442623
-816.4657973953955
-818.6525259006906
-815.9212659635784
-816.3972823811629
-815.9901509720972
-817.2533476698635
-818.0619664922564
-817.5285540849969
-816.9774924429773
-816.8355173533903
-814.8849146363418
-814.2124258050834
-816.6964578218596
-814.395979356203
-816.7325843311177
-815.8051265043014
-815.9656403493709
-816.8091252795087
-818.3272313557746
-817.0556952439258
-816.7350515966195
-817.4133947224141
-818.1419791654262
-817.1980559696207
-816.7439005972456
-816.5750668311637
-814.5506805446757
-815.8655892758305
-815.6878241106454
-815.6071578872954
-815.1607117837158
-817.2086617956693
-815.8843041685703
-817.1104719759248
-815.6772380333167
-814.6963841904414
-815.6334276099051
-814.5745634025434
-815.8026743625787
-815.6253456294813
-816.3948115177445
-817.9198064128784
-817.7743727530922
-816.7008602057231
-817.2686042638821
-815.9442248939259
-816.1310221692494
-816.7894530694706
-816.8904419397162
-818.1224099284227
-816.635440985303
-816.2459930484356
-817.8034973572992
-817.810759373234
-817.4136362769854
-817.0337652422629
-818.0220724800973
-819.4255412934177
-815.7043833134585
-817.5390278872262
-813.8053621183234
-816.0130454565183
-816.1785348191328
-817.533716751023
-817.2531871122192
-816.3007484513619
-816.165468658474
-815.7839196053962
-817.3111295625375
-816.0598493307914
-815.6270025517772
-818.026554264498
-816.1582128590737
-816.5043884757099
-816.9163908768646
-817.329212917967
-815.0951737047251
-815.972381775717
-815.8022657783727
-816.0992936296084
-817.4003486792146
-817.8767740132511
-816.064825851978
-815.6392995190685
-816.4242616110289
-816.1299098444534
-817.8064807176662
-817.1967354035742
-815.9948704007562
-817.7255128640179
-817.4311943666775
-817.1160805087986
-815.7983881344586
-816.8140537959232
-816.8178895398859
-816.0729617855428
-816.6480746520862
-816.0457439024585
-816.4854400527025
-817.7715664951122
-816.4166997638157
-816.5785680129769
-817.4501161382481
-815.2525314148664
-817.9288338508799
-817.5811223030465
-817.0759899078053
-818.0374432356529
-816.4282740788557
-817.6961856182634
-817.0851943841845
-817.230900168088
-817.496621525812
-816.6549580026252
-817.1010288303999
-816.832081972829
-818.6822936160717
-817.3421728635614
-817.528843603355
-818.1420697768976
-817.3056175901739
-817.407958742358
-817.3377895790121
-816.8692843697174
-817.0482221242736
-816.8555725352295
-816.6634267627327
-816.2047346942697
-816.5707496106877
-817.9950320030579
-817.66195204351
-817.5039897135423
-817.1789262310169
-815.8646602768039
-817.7369007286339
-815.1621507468464
-818.0437233319686
-817.5023213037156
-817.0805078531549
-816.6082381493519
-817.8840141426435
-817.3835037994163
-817.8292043349713
-817.7746452556835
-817.5514365476097
-817.4578857907157
-816.649976177395
-814.9186008115521
-818.2638296520627
-815.8144192564273
-814.8533286701683
-816.6822296302071
-815.7422487101287
-817.602946643427
-816.1638064373233
-816.4126905873826
-817.6184095173168
-818.4001512013065
-818.2076576432082
-817.2584806730091
-817.7366946899068
-818.9818818998426
-818.3581310865452
-817.0402719958199
-816.5734742943025
-816.0277363451113
-817.4703729384233
-817.196839483936
-816.3403032839915
-817.481978909563
-816.7954037840956
-816.4793943436916
-817.4174247063592
-817.0347390627734
-817.0053496141859
-818.4192696523892
-818.7826076671354
-817.4043916380049
-817.7108089710549
-817.3937981116901
-817.6353385432205
-817.712185370516
-818.7010886249767
-817.4338711873338
-817.5871388556086
-817.951572345026
-817.283343210211
-818.8926406305208
-817.8322276754748
-818.6467874924105
-818.4983692665244
-816.5456104966813
-818.2560410364265
-816.5029837338491
-817.7134348851774
-817.2085547864014
-819.3592479653915
-818.0928863184195
-817.7168629159326
-818.4322444030204
-818.0481002119561
-817.706012551421
-817.286830896271
-818.3445971682893
-818.461340734884
-818.2474246432678
-818.4042612904715
-818.0396802635088
-818.1927750612731
-818.0094203595354
-817.985842603569
-818.5785935312717
-817.8202817868528
-818.4166829945556
-818.550251994502
-818.0064392317433
-817.5991282013691
-819.8052829443623
-817.6480732467394
-818.4056391370069
-818.2934224738214
-817.2052482882473
-817.8687571507078
-818.3111796328849
-817.8392718125586
-817.3620905499939
-817.1081370473051
-818.5625292062923
-818.563084636445
-817.276211131471
-817.7255834783871
-817.2521618128028
-818.2423796499216
-818.4876296366588
-817.0097251991691
-817.721899161703
-817.3255123857269
-816.5725905441395
-814.8107833886958
-817.6795251928373
-818.076119271714
-818.3744494665559
-818.7052599644021
-818.1514671370307
-818.7718165764525
-817.808065384959
-818.016441956113
-818.6835642813462
-816.3257051544836
-817.08371499481
-815.9308675427528
-817.5625790590747
-818.0999709973631
-817.6254351833685
-818.1376472664332
-817.2848739282135
-817.7725675196103
-818.7486842926176
-817.6685665182389
-817.9746082684356
-816.0020322073666
-818.3700996925661
-817.8982629370129
-817.1460710308199
-817.6524477434988
-818.1577834349105
-818.2911207046985
-817.9660950861953
-818.3882691288421
-817.6624982286518
-818.3188233205669
-817.4121775650166
-818.733334302084
-817.5932349703066
-818.4652405093417
-817.9285207158746
-817.2169836214716
-818.041776829726
-816.8937784704759
-818.24642410267
-817.8826378511263
-817.7954149187453
-816.2224554482186
-818.2060997620804
-818.4700604342621
-817.8137154361962
-817.7061306810899
-816.7358065551985
-817.7206694463953
-818.0204279783611
-819.1329568942448
-814.9578339130888
-817.0413225379391
-818.0440062932222
-816.4556765384508
-817.2268501089684
-818.5226272502525
-816.9257702433756
-818.4447560594613
-817.7151550050767
-817.0405946277663
-818.090192664427
-817.8797918594659
-817.2263315738653
-817.8107226262455
-817.3108069299045
-817.8350386587239
-818.0473785885802
-817.0342044746642
-817.6554323752995
-817.1214453358208
-817.4727728384414
-817.3912486625796
-817.8640929554127
-816.9770141743795
-819.0981642376116
-818.4165384218661
-819.1096033587248
-818.8172463588871
-817.3124642219822
-817.691707043526
-818.9699124734683
-818.4639994359296
-817.8332583203928
-818.5881033047731
-817.7033281202689
-818.1273246424468
-818.7241090947954
-817.857792997992
-818.8816718771972
-818.3983007563538
-818.325218345032
-816.0585053716849
-817.8897877232648
-817.0875960053374
-818.0035890783985
-818.8273687490907
-818.0047586035284
-818.5585650029931
-818.2402546526357
-817.8731747842199
-819.1663674082077
-818.537196337024
-818.8227748489775
-816.8984516511567
-818.4680895363064
-817.7085206943572
-817.7496252045999
-818.5604904355475
-818.0371450207192
-818.4450670689878
-817.8993179821118
-818.5260782435457
-817.0335767285823
-817.9371413386629
-817.3946644343916
-818.1052725236727
