-65.16526207378097
-144.6464646060765
-95.72631845119335
-148.78231664541337
-146.11956348816452
-153.57001269454454
-170.99565864263187
-169.90175792216752
-164.97210065992033
-181.14119737988258
-186.80257053377568
-190.31709069938358
-201.8223499734947
-202.15696980337643
-204.70498936493334
-206.96808245514495
-202.7514532277275
-206.03916514482532
-202.67916554851584
-201.28185130056517
-203.92414276173693
-209.9523078090587
-207.99032592950087
-203.88358809407808
-210.90858039670042
-208.63381537847584
-209.09552808413954
-209.57456215601843
-206.7126206843814
-208.77432656727095
-207.53399749297776
-208.24907663239193
-208.76823511854414
-208.6803222125169
-208.90644338492655
-209.52032196567112
-210.2293680320708
-210.88604170458328
-211.27403275030628
-211.54533480903473
-211.77707175139605
-211.96040754041184
-212.10400521813534
-212.21213992640764
-212.3249364365566
-212.58623900010383
-213.3825378127236
-212.87996583988846
-214.62240406276715
-212.81673975556518
-209.2965768112999
-211.02427692087562
-210.55748576215782
-210.3790882226608
-209.57232275987917
-209.09658657440926
-209.1233496091323
-209.18798051848017
-209.16889179777982
-209.0565136181673
-208.94451940103428
-208.8814611312067
-208.92636950729542
-209.134502344962
-209.53911013396973
-209.96015658483216
-209.9777012228115
-210.00581933807445
-210.02231899258823
-210.02854415218215
-210.0261982846117
-210.01636578517406
-209.9942865141475
-209.96711307045
-209.93935170635822
-209.90731252351785
-209.88082715626464
-209.85307945374637
-209.83648216284809
-209.82411253189576
-209.80903668090738
-209.80648952575854
-209.80268218151966
-209.79658542969307
-209.804351255024
-209.805982914217
-209.81100531866556
-209.82304263907534
-209.84192035435004
-209.8555623137607
-209.8831058349242
-209.91454303569617
-209.93586993412208
-209.98241865090054
-210.030800524181
-210.0774831762704
-210.14955975739173
-210.22348301017516
-210.31282338031482
-210.43186120996734
-210.57230077969038
-210.75536770407257
-211.01692773597264
-211.3838248226195
-211.94290888097834
-212.7216092098667
-213.3809807863601
-213.335642469463
-213.25111002802916
-213.25821960902587
-213.20905999883925
-213.10916960195078
-213.0603590724195
-213.06410746771283
-213.0910931049098
-213.12747013022545
-213.1657544421667
-213.20156164067882
-213.23259300956772
-213.25788382224036
-213.27731494116102
-213.29182361247993
-213.30287132372328
-213.3120689075683
-213.3215319498155
-213.33289025286865
-213.347648337419
-213.36746352302671
-213.3933300607068
-213.42625088875977
-213.46740534560135
-213.51694638071953
-213.57570265969886
-213.64394789955207
-213.72172408500282
-213.8087014059852
-213.90149305719436
-214.00031400090896
-214.09877774658005
-214.19069280949233
-214.2707998127297
-214.33548821721052
-214.3835623570945
-214.41800261190724
-214.4435508541357
-214.46120745285194
-214.4749376419941
-214.48571368049517
-214.49257099033161
-214.4980899537335
-214.50290181733928
-214.5046168422627
-214.50629292751694
-214.50778611699235
-214.5066759202189
-214.50564170974238
-214.5043609919797
-214.50074836013718
-214.49678305079715
-214.4926007269615
-214.48577773012786
-214.47862727447563
-214.4703454774716
-214.45957488286095
-214.448226549283
-214.43486056246329
-214.41932806455915
-214.403229794731
-214.3840325949044
-214.36247885200783
-214.34087773644248
-214.3155442868912
-214.28806721663315
-214.2610077273353
-214.23003838526748
-214.1978641683471
-214.16496220862257
-214.1285459727162
-214.09104538911163
-214.05154090216328
-214.00861311154722
-213.96443316230094
-213.91808447321526
-213.86785297036798
-213.81675401455985
-213.76244453270058
-213.70604612765706
-213.6490713284556
-213.5897347356232
-213.53065224292837
-213.4730842418387
-213.41519489627873
-213.36155122183186
-213.31144554940403
-213.26515161937306
-213.22626356208087
-213.19140419902195
-213.16274392370352
-213.14091991823324
-213.12199326948587
-213.10878257428936
-213.0989271683982
-213.0906367814119
-213.0859604764399
-213.08195000155635
-213.07904658971407
-213.077679855864
-213.07617720024857
-213.0755306897838
-213.07557372209882
-213.07561634872405
-213.07653089462
-213.07793007938557
-213.0798765830837
-213.08298645223485
-213.08671187799143
-213.09165540083723
-213.0982021768287
-213.1058241717912
-213.115351325115
-213.1268541750122
-213.14033539212818
-213.15599396710664
-213.1747813815679
-213.19569345803876
-213.21990243443065
-213.24763390955036
-213.2782962668658
-213.31290230251696
-213.35166655980447
-213.39387716449025
-213.44093586670388
-213.49244876404646
-213.54831435783802
-213.60923158068312
-213.67557691395356
-213.74665451292532
-213.82301957328067
-213.90549814714208
-213.9929287927709
-214.08599884747076
-214.18436947335297
-214.28809136228546
-214.39675412046904
-214.5088065856747
-214.62467588603408
-214.7428116971368
-214.860493519372
-214.97719438865914
-215.09051858209236
-215.19685561219802
-215.29479908119242
-215.3824708329644
-215.45769093057862
-215.52087337599718
-215.57320606485675
-215.6150971968974
-215.64872892876457
-215.6758345092949
-215.69721032894
-215.7144617534003
-215.7284314101186
-215.73963673400382
-215.74915714400535
-215.7569582808897
-215.76358156286858
-215.76976775085677
-215.775003729859
-215.7800125789198
-215.7850929425045
-215.78956579888333
-215.79440208897424
-215.7993658310044
-215.80385879579885
-215.80921044585295
-215.8142321680438
-215.81935054548072
-215.82523668916963
-215.83048534509348
-215.8363207336382
-215.84251397474895
-215.84821088333
-215.8546435251184
-215.86099927191836
-215.86725337875927
-215.8741490588169
-215.88057998364212
-215.8875227412934
-215.89459346247364
-215.90131815827482
-215.90874815192507
-215.91571647728207
-215.92299340432572
-215.93061083441026
-215.93768445742106
-215.94540174041126
-215.9529947704753
-215.96041931909483
-215.96836929784934
-215.97591895920638
-215.98378142558008
-215.99185226510377
-215.99950598389344
-216.00774554170005
-216.01574066641086
-216.02379833370105
-216.03228816082023
-216.04040179633208
-216.048967461605
-216.05763769126608
-216.06619263269206
-216.07532051807442
-216.0843280209754
-216.09364819860767
-216.10345117774892
-216.11326839108494
-216.12365927625285
-216.13445082800018
-216.14556068889044
-216.15743206270014
-216.16955369113592
-216.18230038281465
-216.19550082959407
-216.20879710242065
-216.2223249199993
-216.23559976050413
-216.2483286984912
-216.26050231122056
-216.27167761985487
-216.28185021520184
-216.29103529321375
-216.2991222775872
-216.30624418079117
-216.31252877501123
-216.31797077162443
-216.3227996941724
-216.32702669960295
-216.33067028020184
-216.33410462942007
-216.33698340472137
-216.33971569484115
-216.34217706245826
-216.34434142366842
-216.3465349003419
-216.348412763816
-216.35028438923706
-216.3521157733696
-216.35366239245502
-216.35546951902316
-216.35700849870048
-216.3585166442381
-216.36020734437184
-216.36160653868802
-216.3632049185256
-216.3647799181516
-216.36613770312078
-216.36783772472162
-216.3692596302277
-216.37079107694018
-216.37248597014909
-216.37386743320099
-216.37557347328803
-216.37715358620434
-216.37865889750668
-216.38040656169866
-216.381934554577
-216.38367819614862
-216.38530922966214
-216.3869174693204
-216.38876228583797
-216.3903371188293
-216.39215803241143
-216.3939075944649
-216.39559077984677
-216.39747488817332
-216.39917574429245
-216.40100821099014
-216.40285913183718
-216.40461293627754
-216.40652467968602
-216.4083424551894
-216.41019967601596
-216.41212322482832
-216.4139669176683
-216.4158765684282
-216.41777542286823
-216.41972320389877
-216.42164891687713
-216.4235504706525
-216.42552787746388
-216.4274908926194
-216.4294484107148
-216.43145037875976
-216.4333988666384
-216.4354133841197
-216.43737728103636
-216.43941053081355
-216.44141198322447
-216.44337415920276
-216.445459419964
-216.44742883226095
-216.44945694636303
-216.45152873259303
-216.45344282949748
-216.45557135152654
-216.4575553896351
-216.45958516754405
-216.46171281322674
-216.46363470663775
-216.46576821537872
-216.46780251606225
-216.4697409609627
-216.47193704921094
-216.4738505676724
-216.4759054840017
-216.47804069249943
-216.47992653957746
-216.48212607370272
-216.48407127290818
-216.48606614108613
-216.48824387973738
-216.49007272505364
-216.49223440521527
-216.49426814182092
-216.4961336866747
-216.49834192439647
-216.5001966901692
-216.50225137412164
-216.50435913814036
-216.5061590809926
-216.5083224267144
-216.51023065350952
-216.51213793007534
-216.51429678182797
-216.51609811185014
-216.51816823864021
-216.52015689955965
-216.52197783209778
-216.52409585798574
-216.52594468242452
-216.52787027883596
-216.52991218513915
-216.53168953464163
-216.5337086248695
-216.53564727144777
-216.53745459130923
-216.53949237458906
-216.54128621086895
-216.5432243128209
-216.54516604743333
-216.5469259599178
-216.54893667145433
-216.55072763228006
-216.5525790395086
-216.5545498798166
-216.55627759369855
-216.55818597147842
-216.56003402295815
-216.56180303468514
-216.56376929283945
-216.5654950521853
-216.567331090207
-216.56922276417922
-216.57091377583797
-216.57282533448077
-216.57457486748112
-216.57634718428767
-216.5782328029634
-216.57990222798713
-216.58174925306565
-216.58355016542825
-216.58523101638508
-216.58711910675083
-216.58880824375507
-216.59059324442055
-216.59241992478397
-216.5940605245871
-216.59586204142593
-216.59762207471456
-216.59929547230837
-216.6011289771659
-216.6027463752795
-216.60453191900024
-216.60629648247823
-216.6078991991054
-216.60976712133584
-216.61140631764897
-216.61307126853987
-216.61487244684247
-216.61647610711432
-216.61820866002026
-216.61993421357596
-216.6215087858706
-216.6233253848795
-216.62492308995127
-216.62659275221003
-216.62834830399566
-216.62993445410413
-216.63168287224678
-216.63333981890383
