-719.3988491692845
-714.784470986311
-714.3934576026779
-714.0488058150125
-714.0331007870147
-714.0784066690914
-714.089418511024
-714.1264619535351
-714.1818762791775
-714.2449827690879
-714.3150723579123
-714.398956687264
-714.5084467528532
-714.6585660013881
-714.8706639861758
-715.1786599300373
-715.6276785474282
-716.2430071028033
-716.9801259039821
-717.7494031644536
-718.4622573126427
-719.0134250511662
-719.3759583352954
-719.6063310117999
-719.7496536703798
-719.835037144859
-719.8823988962565
-719.9046723574892
-719.9101337946076
-719.9042142801521
-719.8906056691119
-719.8718916040298
-719.8499069295711
-719.825966626239
-719.8010058428268
-719.7756756499025
-719.7504197664948
-719.7255206511478
-719.7011482487903
-719.6773924892508
-719.6542831395543
-719.631824461289
-719.6099998585146
-719.5887781862547
-719.5681418728291
-719.5480603246646
-719.5285234688706
-719.5095175489936
-719.491041910212
-719.4730945646187
-719.4556777975406
-719.4387980396197
-719.4224617977237
-719.4066748159522
-719.3914400202763
-719.3767652400089
-719.3626503198169
-719.349087298569
-719.3360781918758
-719.3236154635782
-719.3116910293353
-719.30029325099
-719.2894100509978
-719.2790258031022
-719.2691263381529
-719.2596954891043
-719.250718928002
-719.2421766111653
-719.234049178409
-719.2263218809463
-719.2189761479796
-719.211991680838
-719.2053565483525
-719.1990460224885
-719.1930497864421
-719.1873470459692
-719.1819238318005
-719.1767763345082
-719.1718836236237
-719.1671452478857
-719.1627097184848
-719.1584604769123
-719.1544025345158
-719.1505244391698
-719.1468160494279
-719.1432651642446
-719.1398632984067
-719.136596699105
-719.133454930317
-719.1304327159354
-719.1275171067812
-719.1247013055794
-719.1219779169913
-719.1193399343404
-719.1167749590827
-719.114282446214
-719.1118504730042
-719.1094783626795
-719.1071540223528
-719.1048784827898
-719.1026416785671
-719.1004403904775
-719.0982804681393
-719.0961444592318
-719.0940064970905
-719.0919080683752
-719.089827842019
-719.0877591574019
-719.0857007119765
-719.0836584262756
-719.0816421394596
-719.0795830232709
-719.0775619078107
-719.0755673734529
-719.073480687309
-719.0714550021728
-719.069400722544
-719.0673964668404
-719.0653277447055
-719.0632992703003
-719.0612517372333
-719.0592181940794
-719.0571842395575
-719.055141631725
-719.0530969558595
-719.0510236123815
-719.0489933061391
-719.0469336393979
-719.0449372072816
-719.0428780839306
-719.0409219312469
-719.0388672078602
-719.0368615412892
-719.0348442536852
-719.03282996134
-719.030872003224
-719.0289249427168
-719.0269998456636
-719.0250467559139
-719.0230795234957
-719.0211585780735
-719.0192853417971
-719.0174446345854
-719.0156744163593
-719.0138663596734
-719.012062746744
-719.0102996330805
-719.0085589255901
-719.006876617817
-719.005189900253
-719.0035460364879
-719.0019313077566
-719.0003750222992
-718.9988952316866
-718.9973908032368
-718.9958804726674
-718.9944654808165
-718.9930436613291
-718.9916699879054
-718.990318249365
-718.9890232024106
-718.9877692618481
-718.9865469762284
-718.9853850028672
-718.9842111757536
-718.9831572918634
-718.9820101847572
-718.9809950199833
-718.9799404293742
-718.9790176608185
-718.9780490511697
-718.9772049520682
-718.9763168012289
-718.9755020602581
-718.9747048584155
-718.9739358756792
-718.9732098423747
-718.9725097329106
-718.9718575804952
-718.9712189618119
-718.9706302062211
-718.9700579656818
-718.9695245254746
-718.9690206385202
-718.9685358934574
-718.9681372047912
-718.9677334436033
-718.967429234755
-718.9670603811221
-718.9667555725691
-718.9664056810685
-718.9661261495336
-718.965848132904
-718.9656192551122
-718.96539738055
-718.9652138219889
-718.9650508521163
-718.9649096780786
-718.9648213611406
-718.9647142267028
-718.9646684237083
-718.964606207075
-718.9645985698139
-718.964598654018
-718.9646210054304
-718.9646953120814
-718.9647890774344
-718.964870739678
-718.9649341563938
-718.9650558770712
-718.965129899015
-718.9652755804818
-718.9654063054253
-718.9656075455249
-718.9657548432822
-718.9659785802195
-718.9661667273826
-718.9663967486089
-718.9666352721318
-718.9668943224767
-718.9671683670946
-718.9674499324753
-718.9677496596225
-718.9680422305939
-718.9683747583393
-718.9686838516787
-718.9690642733228
-718.9694030794776
-718.9697856087996
-718.9701162532411
-718.9705202133501
-718.9709038997887
-718.9712888978402
-718.9717173727033
-718.9721013850209
-718.9725405702036
-718.9729313972832
-718.9733764748175
-718.9738098158181
-718.9742603356716
-718.9747271584106
-718.9751782966982
-718.9756691647366
-718.9761343533498
-718.9766532316136
-718.9771180033731
-718.9776390022419
-718.9781065493881
-718.9786342780607
-718.9791106952441
-718.9796459117167
-718.980147082872
-718.9806801230353
-718.9812080424618
-718.9817369189357
-718.9822969885906
-718.9828240947281
-718.9833899824099
-718.9839254300662
-718.9844871620849
-718.9850511592781
-718.9855824695347
-718.986169331509
-718.9867057128649
-718.987303325441
-718.9878537311316
-718.9884616600012
-718.9890157209268
-718.9896295072135
-718.9901845772182
-718.9907830683522
-718.9913655694995
-718.9919403225981
-718.9925471885591
-718.9931174215326
-718.9937498386572
-718.9943215823253
-718.9949559300101
-718.9955367254745
-718.9961503440522
-718.9967459399809
-718.9973425479881
-718.9979578304177
-718.9985496283663
-718.9991814589927
-718.9997699666587
-719.0004106101857
-719.0010011577143
-719.0016434775091
-719.0022415871205
-719.002868283458
-719.0034801125893
-719.0040741528758
-719.0047145933357
-719.0053067195008
-719.0059594210743
-719.0065500527128
-719.0071989881576
-719.0078030227048
-719.0084347018006
-719.0090598500495
-719.0096633941118
-719.0103105251268
-719.0108908143309
-719.0115518361315
-719.0121333065151
-719.0127951164736
-719.0133924794239
-719.0140400810984
-719.0146516313972
-719.015273543946
-719.0159053241172
-719.0164988541484
-719.0171505237935
-719.0177374971289
-719.0183921418386
-719.0189852791526
-719.0196333792701
-719.0202371537071
-719.0208679720257
-719.0214913471775
-719.0220904709965
-719.0227330134387
-719.0233140229099
-719.0239681974649
-719.0245491779501
-719.0252019240733
-719.0257930103328
-719.0264266921291
-719.0270363693311
-719.0276464037404
-719.0282739611454
-719.028858578974
-719.0295030916013
-719.0300761805056
-719.0307220222701
-719.0313032659238
-719.0319366421218
-719.0325359694708
-719.0331461847455
-719.0337640232442
-719.0343498548162
-719.0349819866905
-719.0355487021502
-719.0361889720322
-719.0367536781902
-719.037386678119
-719.0379696728788
-719.0385835697988
-719.0391881010725
-719.0397746460783
-719.0403948632822
-719.0409594032496
-719.0415899422806
-719.04214571252
-719.0427748958649
-719.0433436956214
-719.043954360938
-719.0445423121047
-719.0451290053888
-719.0457364290073
-719.0462994703715
-719.0469188386661
-719.0474668861034
-719.0480868360004
-719.0486397891818
-719.049247792118
-719.0498235403801
-719.0504054443687
-719.05100303504
-719.0515615549585
-719.0521710041646
-719.0527123020045
-719.0533272840689
-719.0538676364597
-719.0544715142398
-719.0550247801808
-719.0556117687446
-719.0561895400914
-719.0567465273637
-719.0573465331142
-719.057878063248
-719.0584861437791
-719.0590160599431
-719.05961080464
-719.060153652346
-719.0607327546912
-719.0612978874427
-719.0618520716878
-719.0624365104987
-719.0629694080178
-719.063564024154
-719.0640831799954
-719.064674897368
-719.0652027651948
-719.0657765363054
-719.0663226638428
-719.06687633787
-719.0674469268803
-719.0679725471936
-719.0685611306972
-719.0690699284162
-719.0696562262609
-719.0701691172184
-719.0707385324137
-719.0712713916718
-719.0718172665127
-719.0723758011758
-719.0728981943557
-719.0734718877236
-719.073979387739
-719.074553507208
-719.0750584217502
-719.0756211144567
-719.0761368669735
-719.0766817746847
-719.0772182207479
-719.0777413315182
-719.0783017193963
-719.0788046992993
-719.0793706566404
-719.0798646571327
-719.0804238964704
-719.0809279223419
-719.0814651460528
-719.0819874215726
-719.0825067164906
-719.083049884216
-719.0835481480872
-719.0841054682778
-719.0845943424451
-719.0851453984316
-719.0856358508063
-719.0861703325087
-719.0866783135352
-719.0871930183873
-719.0877208345672
-719.0882175483639
-719.0887602095712
-719.0892440318908
-719.0897852498009
-719.0902696763886
-719.0908005880633
-719.0912941962209
-719.0918015578285
-719.0923166521053
-719.0928067850878
-719.0933387773117
-719.0938152496833
-719.0943537211758
-719.0948263420617
-719.0953513667052
-719.0958341026454
-719.0963369864774
-719.0968377288427
-719.0973251421848
-719.0978417571948
-719.0983153371841
-719.0988421598405
-719.0993067999296
-719.099829227331
-719.100299008095
-719.1008013935698
-719.1012860526298
-719.1017688978354
-719.1022739933691
-719.1027422435136
-719.1032580057456
-719.1037187630118
-719.1042326002411
-719.1046927261073
-719.1051937936672
-719.1056670065318
-719.106145509574
-719.1066357715316
-719.1070959501399
-719.1076025224633
-719.1080577964858
-719.1085643652273
-719.1090166010478
-719.1095124832885
-719.1099753615349
-719.1104509293012
-719.1109276208991
-719.1113854394832
-719.1118791553819
-719.1123278617507
-719.1128275967362
-719.1132752704374
-719.113763653855
-719.1142170583875
-719.1146904619912
-719.1151544651634
-719.1156120681715
-719.1160898945581
-719.1165319741059
-719.1170224583593
-719.1174617606338
-719.1179490895383
-719.1183924646083
