0.1079232935010769
0.11463660779620474
0.11934042285403723
0.12356563614019384
0.1272078243436485
0.12986350334498944
0.1323997478016407
0.13438366132465943
0.13639217839400605
0.13805566961291316
0.13923665931650153
0.1400961539326155
0.1405770052376908
0.1409683861461638
0.14132301179024953
0.14155922157166223
0.14174027453552526
0.1418526412547215
0.14197425888146348
0.142038403352881
0.14210493370179797
0.14224397326983904
0.14217475390701784
0.14220856387702335
0.14214737193430477
0.14212775162622795
0.141999278432254
0.14189786616938227
0.1417384718081222
0.1415211707480025
0.14130019189983048
0.141076328301939
0.14086323735617592
0.14064073353482753
0.14041742072001268
0.14019912865703585
0.13998704124461528
0.13978160485092667
0.13958416365925225
0.13939039168135128
0.13920156915212875
0.1390143645828502
0.13882834608187417
0.13864088106697395
0.13845197132134388
0.1382589889179458
0.1380674308536322
0.1379301335101883
0.13779924622630457
0.13765612888434833
0.13748830161897607
0.13732683786450878
0.13715708570429214
0.13699232379729204
0.13682868164526257
0.13666186744695727
0.13649416085648353
0.13632683634918275
0.13616045481970077
0.13599634073505776
0.1358364536588435
0.13568209707506357
0.13553311001550433
0.13539219393938778
0.13526268657042367
0.13513424626334536
0.13499940148247447
0.13486146777145736
0.13472257720452813
0.1345841442644635
0.13444707484828541
0.13431191271876802
0.13417899470228103
0.13404849586268633
0.13392052384869121
0.13379517106805044
0.13367248146599892
0.1335525098994287
0.13343528985420008
0.13332081027283252
0.13320907459061804
0.13310007575114563
0.13299373803900572
0.13289005356668185
0.13278896194748982
0.1326903981741069
0.1325943048902521
0.13250064706812226
0.13240932483410442
0.1323203027609139
0.13223356457058147
0.13214896227591058
0.1320665669375536
0.13198627754943523
0.1319079910728538
0.13183183322612246
0.1317576511092796
0.1316853880409887
0.13161513341157816
0.13154666358178832
0.1314798528927914
0.1314145394958702
0.13135018714803104
0.13128650541738154
0.1312237602565232
0.1311635153756301
0.131107179402974
0.1310568208280908
0.13101174560506676
0.13096826157611832
0.13092363806293822
0.13087686835871762
0.1308307535267775
0.13078586279077895
0.1307419659250271
0.13069894609254087
0.13065668639388878
0.13061506761976377
0.13057398160063283
0.1305333279134819
0.13049302040801994
0.1304529876813058
0.13041316339820463
0.130373487921399
0.1303339058118957
0.13029436177447684
0.13025480692849886
0.13021520576844092
0.13017553016136502
0.13013577020758219
0.1300959294497837
0.13005601528729147
0.13001605059696317
0.12997604326495904
0.12993599096847455
0.1298958779984303
0.12985565395098614
0.12981526682375633
0.12977463452465743
0.12973368890269493
0.12969240068380145
0.1296507599029656
0.12960882516638297
0.12956669542389143
0.1295244706801516
0.1294822670727896
0.12944017980832262
0.12939826934598125
0.1293565989704819
0.1293152241087211
0.12927416408131032
0.12923345532830216
0.1291931247612181
0.12915317691697584
0.1291136300387655
0.1290745004904623
0.1290357820575412
0.12899748533744906
0.12895962235682185
0.1289221816292782
0.12888517339819228
0.12884861068234288
0.12881247500865733
0.12877678250180413
0.12874154044284147
0.12870673141483038
0.12867236635694396
0.1286384507547748
0.12860496475932864
0.12857192071145981
0.12853931506017954
0.12850712952275445
0.12847537710221787
0.12844404601057735
0.1284131267146809
0.12838262731639657
0.12835253538445582
0.12832284645484235
0.12829356532374497
0.12826468151423506
0.1282361927369042
0.1282081017881685
0.12818039496529404
0.12815307039623414
0.12812612875060822
0.12809954761552422
0.12807332662079396
0.1280474534537618
0.12802190180871456
0.12799666356439246
0.12797171491512926
0.12794702294935267
0.12792257298922594
0.12789832718800595
0.12787425734411173
0.12785034077026658
0.1278265397751648
0.1278028348210625
0.12777920453609412
0.1277556228702791
0.12773207983062262
0.12770856202435685
0.1276850567269577
0.12766156037200577
0.1276380650007319
0.1276145664762894
0.12759106420437058
0.12756755229590244
0.12754403040059856
0.1275204986746492
0.12749695171228922
0.1274733914697881
0.12744981689013427
0.1274262228122153
0.1274026141255896
0.12737898691098673
0.1273553381268854
0.1273316723456129
0.12730798497670315
0.1272842756248219
0.1272605487428037
0.1272367982810551
0.12721302802868864
0.1271892407022728
0.12716543045437106
0.12714160586498097
0.12711776692189827
0.1270939117715855
0.12707005086570272
0.12704618381513827
0.12702231478880655
0.12699845501256243
0.12697460743964403
0.12695078375046354
0.1269269959220737
0.1269032534624771
0.1268795743360027
0.12685597440976398
0.12683247114723495
0.1268090880228985
0.12678584485719868
0.12676276485074628
0.1267398767333542
0.12671719966538478
0.12669475805909003
0.12667257586562403
0.12665066257130103
0.12662902910076826
0.12660767630842057
0.12658658542277976
0.12656573430042428
0.12654508188927183
0.12652457544708282
0.1265041614191284
0.12648378407383817
0.12646339516898117
0.12644296015875983
0.12642245355284193
0.1264018629140811
0.12638118412702415
0.1263604145495426
0.12633956121894366
0.12631862998756388
0.12629762638766195
0.12627656202474757
0.12625544377236717
0.12623427959937406
0.1262130805908505
0.12619185295591193
0.12617060454518586
0.12614934445269035
0.12612807734092243
0.12610681152290573
0.12608555273171662
0.12606430583883332
0.1260430774780266
0.12602187103159146
0.12600069242042902
0.12597954605918546
0.12595843387814992
0.12593736202220324
0.12591633323798238
0.1258953496409544
0.125874416396675
0.12585353474689093
0.12583270756891313
0.12581193911694913
0.12579122943691093
0.12577058222956808
0.1257499995053054
0.12572948240842882
0.12570903411170356
0.1256886552640545
0.12566834815005082
0.1256481145154374
0.12562795517259182
0.12560787234756302
0.12558786677233028
0.12556794031236526
0.1255480941726158
0.1255283287371669
0.1255086468065255
0.1254890482979657
0.12546953496708046
0.1254501084122655
0.12543076868522296
0.12541151871708736
0.1253923588786396
0.1253732910003545
0.12535431723923346
0.1253354385879147
0.1253166583079767
0.1252979785917652
0.125279401816417
0.12526093230936924
0.12524257290879462
0.12522432865462904
0.12520620433019192
0.12518820530393576
0.1251703383144617
0.12515260910509893
0.12513502467910423
0.12511759127000074
0.12510031367620514
0.12508319662752282
0.12506624121173124
0.12504944710802504
0.12503281163833196
0.12501632861298698
0.1249999925328504
0.12498379441663847
0.1249677259139023
0.1249517796797715
0.12493594632032319
0.12492022032546485
0.12490459426143445
0.12488906234788757
0.12487362109173564
0.12485826452266961
0.12484299043438751
0.1248277953875078
0.12481267601538155
0.12479763190636395
0.12478265933867917
0.12476775768584011
0.12475292605104667
0.12473816157209239
0.1247234654672395
0.12470883518662583
0.12469427040293776
0.12467977146947942
0.12466533607019052
0.12465096528779769
0.12463665780781673
0.12462241295972117
0.1246082318071226
0.12459411213763452
0.12458005496023646
0.12456605960269378
0.12455212511768564
0.12453825280437238
0.12452444045089449
0.12451068901424472
0.12449699828651918
0.12448336688109467
0.12446979627777689
0.12445628479178536
0.12444283243828044
0.12442943984529918
0.12441610525513014
0.12440282975107679
0.12438961217558664
0.12437645233143091
0.12436335070170648
0.12435030577740058
0.12433731839231982
0.12432438764834096
0.12431151330547466
0.12429869539076124
0.12428593301251918
0.1242732262566545
0.12426057489904185
0.12424797807362163
0.12423543637840735
0.12422294855903067
0.12421051464634335
0.12419813472553431
0.12418580763378917
0.12417353388048644
0.1241613126719142
0.12414914357184484
0.12413702684736097
0.1241249613270792
0.12411294736718549
0.12410098449196921
0.12408907186961043
0.12407720999674977
0.12406539776488469
0.12405363536282832
0.1240419223984282
0.1240302580580288
0.12401864279018654
0.12400707575350552
0.1239955567456768
0.12398408571167584
0.12397266181766052
0.1239612852206607
0.1239499554902282
0.12393867206219258
0.12392743518541012
0.12391624389897528
0.12390509833282314
0.12389399832496625
0.12388294299352927
0.1238719328860804
0.12386096698207369
0.12385004515657842
0.12383916771777384
0.12382833342423617
0.12381754293607823
0.12380679545304357
0.12379609065196322
0.1237854288159069
0.12377480903427085
0.12376423160641524
0.12375369612457975
0.12374320201649966
0.12373274958312354
0.12372233814455053
0.12371196763271436
0.1237016379257917
0.12369134850428025
0.12368109957717398
0.12367089036086354
0.12366072099335676
0.12365059134534963
0.1236405008427257
0.1236304498347376
0.1236204375522575
0.12361046396797659
0.12360052913868412
0.12359063238569831
0.12358077393049323
0.12357095334322804
0.12356117029184852
0.12355142507355714
0.12354171682519503
0.12353204586466453
0.12352241210787401
0.12351281467634855
0.12350325431690382
0.12349373005207456
0.12348424187603046
0.12347479013913126
0.12346537375452753
0.12345599342126543
0.12344664848553867
0.12343733851007596
0.123428064192969
0.12341882433899418
0.12340961941084297
0.12340044936277736
0.12339131320913846
0.1233822119550947
0.12337314445529242
0.12336411064038731
0.12335511128667959
0.12334614476460261
0.12333721197693909
0.12332831261164794
0.12331944579964457
0.12331061260200887
0.12330181176067684
0.12329304339115628
0.12328430806658328
0.12327560435916099
0.1232669331397951
0.12325829395541134
0.12324968608194858
0.12324111054539777
0.12323256614440095
0.12322405299850597
0.12321557150932291
0.12320712041144954
0.12319870057128139
0.12319031158495124
0.1231819527579305
0.12317362486667267
0.12316532689831633
0.12315705899901734
0.123148821501923
0.12314061331556635
0.12313243505968266
0.12312428652691346
0.12311616691948833
0.12310807703370553
0.12310001597736876
0.12309198366809498
0.1230839807951048
0.1230760061051617
