0.050030303983337035
0.05307046638599989
0.054779632498713274
0.056063170257670554
0.05724056058891802
0.05819590494950753
0.059000151065015057
0.05964150354136959
0.06015541548063428
0.06056103194048162
0.06090329344761006
0.061134920414685004
0.06125511936703506
0.06130277940025716
0.06126903047539447
0.06121538732979404
0.061116639595149194
0.0610163895649457
0.06090521524908085
0.06080677451995571
0.060689134907387664
0.06057126803594713
0.06046346949151956
0.06035826241601945
0.06023404739198366
0.06011710112889599
0.06000437434292128
0.05989131130432325
0.05977999664773242
0.059670220875766934
0.05956283400773553
0.059456991908488424
0.05935120207200649
0.05924579458687995
0.05914114443831598
0.059038162967352995
0.05893662092878377
0.05883755690487269
0.058740500007504956
0.05864525411051543
0.05855181345944549
0.05846025883042878
0.05837042746111517
0.058282332522784426
0.05819603230879051
0.05811168020866582
0.058029577693262446
0.0579491025847533
0.05787106835742598
0.057791663564236644
0.05771258057665267
0.05763866087340096
0.057564473715175
0.057491604329555114
0.057417616589175685
0.05734424143580166
0.057271585008213374
0.05719978500505519
0.05712912824110132
0.05705968511312278
0.056991303246733516
0.05692355979218252
0.056855964086756215
0.056788299553731145
0.05671992354146315
0.05664893416695791
0.05657669966369029
0.05650543552833654
0.056435123436739724
0.05636582765418124
0.056297558017114425
0.056230317414541944
0.056164111364717884
0.05609895303323528
0.056034852559297674
0.05597182090881903
0.055909877660937295
0.0558490269604403
0.05578927668238243
0.055730627651096445
0.05567307460330531
0.05561661764154342
0.05556124381279089
0.05550694440575898
0.05545370795025861
0.055401516062414544
0.05535035832280832
0.05530022035714896
0.05525108244268112
0.05520292887707567
0.055155752472716056
0.055109527871232585
0.055064247916348154
0.05501990635853081
0.054976472903777725
0.054933951148929266
0.05489233182108153
0.05485159609369478
0.05481175526064317
0.054772802129824556
0.05473474472116619
0.054697616535412136
0.0546614421574664
0.054626274243051866
0.05459217997545608
0.054559157389558806
0.054526998349841545
0.054495611047915345
0.05446545372799979
0.05443601113886602
0.0544070328460053
0.05437871814691829
0.05435112373494561
0.05432399404730929
0.054297193650921415
0.054270700884875116
0.05424451661194471
0.05421864566337669
0.05419309173169968
0.054167856295043705
0.054142938406423376
0.05411833522829287
0.05409404346432152
0.05407006013456208
0.05404638347232053
0.05402301334627122
0.053999950476150034
0.05397719595429591
0.0539547507268843
0.053932614190706815
0.053910784362284095
0.05388925814846836
0.05386803110468103
0.05384709752059031
0.05382645244554228
0.05380609112628561
0.05378600831321668
0.05376620032196772
0.05374666354977461
0.05372739267228561
0.05370838269144149
0.05368962684459921
0.053671116251504655
0.05365284331177789
0.05363480049597689
0.05361698077335276
0.05359937935619211
0.05358199140752965
0.05356481209266107
0.05354783743454032
0.05353106280092803
0.053514483803008515
0.053498096363129286
0.05348189615638852
0.0534658792591884
0.0534500415173422
0.053434379367329664
0.05341888921000724
0.05340356739190917
0.053388410960200215
0.05337341620163445
0.053358580543283456
0.05334390098216825
0.053329374416971366
0.05331499855934994
0.05330077080575967
0.05328668862936177
0.05327274961355447
0.053258951973681044
0.05324529331954309
0.05323177147286392
0.053218385031417764
0.05320513213302586
0.05319201056933736
0.05317901907303293
0.05316615595015913
0.053153419218861485
0.05314080775207148
0.05312831989367894
0.05311595416879841
0.053103709476184015
0.05309158446314059
0.05307957799884731
0.053067689052171706
0.053055916741428476
0.05304426037733701
0.05303271920947644
0.053021292924845295
0.053009981325514426
0.05299878432705293
0.05298770201416685
0.05297673486225292
0.05296588336544419
0.05295514817355623
0.05294452993399361
0.05293402910704603
0.05292364608938952
0.05291338066136537
0.05290323263731038
0.05289320103921478
0.052883284396790645
0.05287348155610062
0.05286378997864236
0.05285420784881883
0.05284473335551827
0.05283536364378228
0.05282609721655971
0.05281693194029048
0.05280786561112758
0.05279889702044368
0.05279002414685684
0.052781245537173706
0.05277255992909038
0.05276396569383962
0.05275546190402873
0.052747047207860866
0.05273872044437159
0.052730480867112184
0.05272232728440596
0.05271425865751092
0.0527062747009895
0.05269837370572299
0.052690555606375505
0.052682819411368195
0.05267516377841221
0.05266758889912434
0.05266009319409582
0.05265267595975399
0.052645336783717724
0.05263807424258144
0.05263088754927219
0.05262377584942248
0.05261673756670503
0.052609771600850334
0.05260287638143231
0.05259605004152539
0.05258929065112737
0.05258259596290908
0.05257596333885661
0.052569389742881494
0.052562871927632766
0.05255640617061581
0.052549988514933
0.052543614468038555
0.05253727955282741
0.05253097926158034
0.052524708795389285
0.0525184639885472
0.05251224140477773
0.052506038158568615
0.052499852765728786
0.05249368517100973
0.05248753667042468
0.052481409721262196
0.052475307580403044
0.052469233723041894
0.05246319117298095
0.052457182474868407
0.0524512094983377
0.05244527339420159
0.05243937493583365
0.052433514627971814
0.05242769256977515
0.0524219088414723
0.052416163463088666
0.052410456219397196
0.05240478706664436
0.052399155860932224
0.05239356239871241
0.052388006612672657
0.052382488330598644
0.05237700739035529
0.05237156372095026
0.05236615708147406
0.052360787413189655
0.05235545456261219
0.05235015826957462
0.052344898518812376
0.05233967501860288
0.05233448758627467
0.05232933612294301
0.052324220268611256
0.052319139915063165
0.052314094851545714
0.05230908471402891
0.05230410939986538
0.052299168590582194
0.052294261981982275
0.05228938941307479
0.0522845505156937
0.05227974507403006
0.05227497278785312
0.05227023333716059
0.05226552650021934
0.052260851929678415
0.05225620934671599
0.05225159848244659
0.05224701895704432
0.05224247053372853
0.05223795289363284
0.052233465672201065
0.05222900863235889
0.05222458135798349
0.0522201835637649
0.0522158149482692
0.05221147505354836
0.05220716361042667
0.052202880200518026
0.05219862439424985
0.05219439582685441
0.052190193973849254
0.0521860183874496
0.052181868512198665
0.0521777437110698
0.05217364336001869
0.05216956667093149
0.052165512783961795
0.052161480732873675
0.05215746939568179
0.05215347752165029
0.05214950366992392
0.052145546275843266
0.05214160364058307
0.05213767395635198
0.052133755497293974
0.05212984664635482
0.052125946021215515
0.052122052722764205
0.05211816621128631
0.05211428648592955
0.05211041392745288
0.05210654927628882
0.05210269349291708
0.05209884763915172
0.05209501280818536
0.05209119005056949
0.05208738036497606
0.05208358461465544
0.05207980359767165
0.05207603800443918
0.05207228838915048
0.0520685552913932
0.05206483909169851
0.05206114013047157
0.05205745870658448
0.052053795040031374
0.05205014930750411
0.05204652163547779
0.05204291213064862
0.05203932088594301
0.05203574790850087
0.0520321932434212
0.05202865689293159
0.05202513881195589
0.05202163902011996
0.05201815743299875
0.0520146940040415
0.05201124869277473
0.052007821404838235
0.05200441207723467
0.052001020615553215
0.051997646911345945
0.051994290928600646
0.05199095251689985
0.05198763159215764
0.051984328070326956
0.051981041799623054
0.05197777271230358
0.051974520685521025
0.05197128560123377
0.05196806737311738
0.05196486584928111
0.05196168096315204
0.05195851257915697
0.0519553605722068
0.05195222485804854
0.051949105290734925
0.051946001781749546
0.05194291420870474
0.05193984244866458
0.0519367864176465
0.05193374598479001
0.051930721034342056
0.051927711476519145
0.05192471717076405
0.05192173803791569
0.05191877396122952
0.05191582481626565
0.051912890527188296
0.051909970952533156
0.05190706601110847
0.051904175590589595
0.05190129957707131
0.05189843790479949
0.05189559043192094
0.051892757065250567
0.05188993772653456
0.051887132293947764
0.05188434068256291
0.05188156279769732
0.05187879852216909
0.0518760477869263
0.05187331047492055
0.05187058649987133
0.05186787577263829
0.051865178197154915
0.05186249368934976
0.05185982215460663
0.051857163504648106
0.05185451764562901
0.05185188449352724
0.05184926396604512
0.051846655972082156
0.0518440604268057
0.05184147724674716
0.05183890634644917
0.05183634764449244
0.051833801057879554
0.05183126650513074
0.05182874390904406
0.0518262331859128
0.05182373427097912
0.051821247066714635
0.05181877151150072
0.0518163075176537
0.05181385499768338
0.0518114139004263
0.051808984131941335
0.05180656563116481
0.051804158328680926
0.05180176212315639
0.05179937697379119
0.0517970027969112
0.051794639509278054
0.05179228706780026
0.05178994536903951
0.051787614370352376
0.05178529400062786
0.051782984162530056
0.051780684833991675
0.05177839591333805
0.0517761173340894
0.05177384906589627
0.051771590989776475
0.05176934308219253
0.05176710527330374
0.05176487746581614
0.051762659650576755
0.05176045172179268
0.051758253619785574
0.05175606532150078
0.05175388670145474
0.05175171774957132
0.05174955839112169
0.05174740853542009
0.05174526818959216
0.05174313722623785
0.05174101561596181
0.05173890332397769
0.051736800234657994
0.05173470634593769
0.05173262157798557
0.051730545845440914
0.05172847915644663
0.05172642138361709
0.05172437251384406
0.05172233251050017
0.05172030124437731
0.05171827874435412
0.05171626490963751
0.051714259676049
0.05171226304465664
0.051710274903882754
0.051708295226992926
0.051706323979010864
0.05170436105621949
0.05170240646486582
0.05170046012513068
0.05169852196909487
0.05169659200046101
0.0516946701111709
0.05169275627882116
0.05169085047317478
0.0516889525915961
0.05168706263846556
0.051685180549344574
0.05168330624416259
0.051681439730598466
0.05167958092014751
0.0516777297708604
0.0516758862680843
0.05167405031904466
0.051672221911851356
0.05167040100046829
0.05166858750124958
0.05166678142282445
0.05166498268415024
0.05166319124375619
0.05166140709037112
0.05165963012771649
